334
0.02500000037252903 0.13750000298023224 0.037500001490116119 0 0 0 0 0 0 0 0 
0.02500000037252903 0.13750000298023224 0.0625 0 0 0 0 0 0 0 0 
0.02500000037252903 0.13750000298023224 0.087499998509883881 0 0 0 0 0 0 0 0 
0.02500000037252903 0.16250000894069672 0.037500001490116119 0 0 0 0 0 0 0 0 
0.02500000037252903 0.16250000894069672 0.0625 0 0 0 0 0 0 0 0 
0.02500000037252903 0.16250000894069672 0.087499998509883881 0 0 0 0 0 0 0 0 
0.02500000037252903 0.16250000894069672 0.11250000447034836 0 0 0 0 0 0 0 0 
0.02500000037252903 0.1875 0.012500000186264515 0 0 0 0 0 0 0 0 
0.02500000037252903 0.1875 0.037500001490116119 0 0 0 0 0 0 0 0 
0.02500000037252903 0.1875 0.0625 0 0 0 0 0 0 0 0 
0.02500000037252903 0.1875 0.087499998509883881 0 0 0 0 0 0 0 0 
0.02500000037252903 0.1875 0.11250000447034836 0 0 0 0 0 0 0 0 
0.02500000037252903 0.21250000596046448 0.037500001490116119 0 0 0 0 0 0 0 0 
0.02500000037252903 0.21250000596046448 0.0625 0 0 0 0 0 0 0 0 
0.02500000037252903 0.21250000596046448 0.087499998509883881 0 0 0 0 0 0 0 0 
0.02500000037252903 0.21250000596046448 0.11250000447034836 0 0 0 0 0 0 0 0 
0.02500000037252903 0.23749999701976776 0.037500001490116119 0 0 0 0 0 0 0 0 
0.02500000037252903 0.23749999701976776 0.0625 0 0 0 0 0 0 0 0 
0.02500000037252903 0.23749999701976776 0.087499998509883881 0 0 0 0 0 0 0 0 
0.02500000037252903 0.26250001788139343 0.0625 0 0 0 0 0 0 0 0 
0.02500000037252903 0.3125 0.0625 0 0 0 0 0 0 0 0 
0.05000000074505806 0.10000000149011612 0.05000000074505806 0 0 0 0 0 0 0 0 
0.05000000074505806 0.10000000149011612 0.075000002980232239 0 0 0 0 0 0 0 0 
0.05000000074505806 0.10000000149011612 0.10000000149011612 0 0 0 0 0 0 0 0 
0.05000000074505806 0.125 0.02500000037252903 0 0 0 0 0 0 0 0 
0.05000000074505806 0.125 0.05000000074505806 0 0 0 0 0 0 0 0 
0.05000000074505806 0.125 0.075000002980232239 0 0 0 0 0 0 0 0 
0.05000000074505806 0.125 0.10000000149011612 0 0 0 0 0 0 0 0 
0.05000000074505806 0.125 0.125 0 0 0 0 0 0 0 0 
0.05000000074505806 0.15000000596046448 0.02500000037252903 0 0 0 0 0 0 0 0 
0.05000000074505806 0.15000000596046448 0.05000000074505806 0 0 0 0 0 0 0 0 
0.05000000074505806 0.15000000596046448 0.075000002980232239 0 0 0 0 0 0 0 0 
0.05000000074505806 0.15000000596046448 0.10000000149011612 0 0 0 0 0 0 0 0 
0.05000000074505806 0.15000000596046448 0.125 0 0 0 0 0 0 0 0 
0.05000000074505806 0.17499999701976776 0.02500000037252903 0 0 0 0 0 0 0 0 
0.05000000074505806 0.17499999701976776 0.05000000074505806 0 0 0 0 0 0 0 0 
0.05000000074505806 0.17499999701976776 0.075000002980232239 0 0 0 0 0 0 0 0 
0.05000000074505806 0.17499999701976776 0.10000000149011612 0 0 0 0 0 0 0 0 
0.05000000074505806 0.17499999701976776 0.125 0 0 0 0 0 0 0 0 
0.05000000074505806 0.20000000298023224 0.02500000037252903 0 0 0 0 0 0 0 0 
0.05000000074505806 0.20000000298023224 0.05000000074505806 0 0 0 0 0 0 0 0 
0.05000000074505806 0.20000000298023224 0.075000002980232239 0 0 0 0 0 0 0 0 
0.05000000074505806 0.20000000298023224 0.10000000149011612 0 0 0 0 0 0 0 0 
0.05000000074505806 0.22500000894069672 0.05000000074505806 0 0 0 0 0 0 0 0 
0.05000000074505806 0.22500000894069672 0.075000002980232239 0 0 0 0 0 0 0 0 
0.05000000074505806 0.22500000894069672 0.10000000149011612 0 0 0 0 0 0 0 0 
0.05000000074505806 0.25 0.05000000074505806 0 0 0 0 0 0 0 0 
0.05000000074505806 0.25 0.075000002980232239 0 0 0 0 0 0 0 0 
0.05000000074505806 0.27500000596046448 0.075000002980232239 0 0 0 0 0 0 0 0 
0.05000000074505806 0.30000001192092896 0.075000002980232239 0 0 0 0 0 0 0 0 
0.075000002980232239 0.087499998509883881 0.037500001490116119 0 0 0 0 0 0 0 0 
0.075000002980232239 0.087499998509883881 0.0625 0 0 0 0 0 0 0 0 
0.075000002980232239 0.087499998509883881 0.087499998509883881 0 0 0 0 0 0 0 0 
0.075000002980232239 0.087499998509883881 0.11250000447034836 0 0 0 0 0 0 0 0 
0.075000002980232239 0.11250000447034836 0.012500000186264515 0 0 0 0 0 0 0 0 
0.075000002980232239 0.11250000447034836 0.037500001490116119 0 0 0 0 0 0 0 0 
0.075000002980232239 0.11250000447034836 0.0625 0 0 0 0 0 0 0 0 
0.075000002980232239 0.11250000447034836 0.087499998509883881 0 0 0 0 0 0 0 0 
0.075000002980232239 0.11250000447034836 0.11250000447034836 0 0 0 0 0 0 0 0 
0.075000002980232239 0.13750000298023224 0.012500000186264515 0 0 0 0 0 0 0 0 
0.075000002980232239 0.13750000298023224 0.037500001490116119 0 0 0 0 0 0 0 0 
0.075000002980232239 0.13750000298023224 0.0625 0 0 0 0 0 0 0 0 
0.075000002980232239 0.13750000298023224 0.087499998509883881 0 0 0 0 0 0 0 0 
0.075000002980232239 0.13750000298023224 0.11250000447034836 0 0 0 0 0 0 0 0 
0.075000002980232239 0.16250000894069672 0.012500000186264515 0 0 0 0 0 0 0 0 
0.075000002980232239 0.16250000894069672 0.037500001490116119 0 0 0 0 0 0 0 0 
0.075000002980232239 0.16250000894069672 0.0625 0 0 0 0 0 0 0 0 
0.075000002980232239 0.16250000894069672 0.087499998509883881 0 0 0 0 0 0 0 0 
0.075000002980232239 0.16250000894069672 0.11250000447034836 0 0 0 0 0 0 0 0 
0.075000002980232239 0.1875 0.037500001490116119 0 0 0 0 0 0 0 0 
0.075000002980232239 0.1875 0.0625 0 0 0 0 0 0 0 0 
0.075000002980232239 0.1875 0.087499998509883881 0 0 0 0 0 0 0 0 
0.075000002980232239 0.1875 0.11250000447034836 0 0 0 0 0 0 0 0 
0.075000002980232239 0.21250000596046448 0.037500001490116119 0 0 0 0 0 0 0 0 
0.075000002980232239 0.21250000596046448 0.0625 0 0 0 0 0 0 0 0 
0.075000002980232239 0.21250000596046448 0.087499998509883881 0 0 0 0 0 0 0 0 
0.075000002980232239 0.23749999701976776 0.037500001490116119 0 0 0 0 0 0 0 0 
0.075000002980232239 0.23749999701976776 0.0625 0 0 0 0 0 0 0 0 
0.075000002980232239 0.23749999701976776 0.087499998509883881 0 0 0 0 0 0 0 0 
0.10000000149011612 0.049999997019767761 0.05000000074505806 0 0 0 0 0 0 0 0 
0.10000000149011612 0.049999997019767761 0.075000002980232239 0 0 0 0 0 0 0 0 
0.10000000149011612 0.075000002980232239 0.02500000037252903 0 0 0 0 0 0 0 0 
0.10000000149011612 0.075000002980232239 0.05000000074505806 0 0 0 0 0 0 0 0 
0.10000000149011612 0.075000002980232239 0.075000002980232239 0 0 0 0 0 0 0 0 
0.10000000149011612 0.075000002980232239 0.10000000149011612 0 0 0 0 0 0 0 0 
0.10000000149011612 0.075000002980232239 0.125 0 0 0 0 0 0 0 0 
0.10000000149011612 0.10000000149011612 0.02500000037252903 0 0 0 0 0 0 0 0 
0.10000000149011612 0.10000000149011612 0.05000000074505806 0 0 0 0 0 0 0 0 
0.10000000149011612 0.10000000149011612 0.075000002980232239 0 0 0 0 0 0 0 0 
0.10000000149011612 0.10000000149011612 0.10000000149011612 0 0 0 0 0 0 0 0 
0.10000000149011612 0.10000000149011612 0.125 0 0 0 0 0 0 0 0 
0.10000000149011612 0.125 0.02500000037252903 0 0 0 0 0 0 0 0 
0.10000000149011612 0.125 0.05000000074505806 0 0 0 0 0 0 0 0 
0.10000000149011612 0.125 0.075000002980232239 0 0 0 0 0 0 0 0 
0.10000000149011612 0.125 0.10000000149011612 0 0 0 0 0 0 0 0 
0.10000000149011612 0.125 0.125 0 0 0 0 0 0 0 0 
0.10000000149011612 0.15000000596046448 0.02500000037252903 0 0 0 0 0 0 0 0 
0.10000000149011612 0.15000000596046448 0.05000000074505806 0 0 0 0 0 0 0 0 
0.10000000149011612 0.15000000596046448 0.075000002980232239 0 0 0 0 0 0 0 0 
0.10000000149011612 0.15000000596046448 0.10000000149011612 0 0 0 0 0 0 0 0 
0.10000000149011612 0.15000000596046448 0.125 0 0 0 0 0 0 0 0 
0.10000000149011612 0.17499999701976776 0.02500000037252903 0 0 0 0 0 0 0 0 
0.10000000149011612 0.17499999701976776 0.05000000074505806 0 0 0 0 0 0 0 0 
0.10000000149011612 0.17499999701976776 0.075000002980232239 0 0 0 0 0 0 0 0 
0.10000000149011612 0.17499999701976776 0.10000000149011612 0 0 0 0 0 0 0 0 
0.10000000149011612 0.20000000298023224 0.05000000074505806 0 0 0 0 0 0 0 0 
0.10000000149011612 0.20000000298023224 0.075000002980232239 0 0 0 0 0 0 0 0 
0.10000000149011612 0.20000000298023224 0.10000000149011612 0 0 0 0 0 0 0 0 
0.125 0.037499997764825821 0.037500001490116119 0 0 0 0 0 0 0 0 
0.125 0.037499997764825821 0.0625 0 0 0 0 0 0 0 0 
0.125 0.037499997764825821 0.087499998509883881 0 0 0 0 0 0 0 0 
0.125 0.0625 0.012500000186264515 0 0 0 0 0 0 0 0 
0.125 0.0625 0.037500001490116119 0 0 0 0 0 0 0 0 
0.125 0.0625 0.0625 0 0 0 0 0 0 0 0 
0.125 0.0625 0.087499998509883881 0 0 0 0 0 0 0 0 
0.125 0.0625 0.11250000447034836 0 0 0 0 0 0 0 0 
0.125 0.087499998509883881 0.012500000186264515 0 0 0 0 0 0 0 0 
0.125 0.087499998509883881 0.037500001490116119 0 0 0 0 0 0 0 0 
0.125 0.087499998509883881 0.0625 0 0 0 0 0 0 0 0 
0.125 0.087499998509883881 0.087499998509883881 0 0 0 0 0 0 0 0 
0.125 0.087499998509883881 0.11250000447034836 0 0 0 0 0 0 0 0 
0.125 0.11250000447034836 0.012500000186264515 0 0 0 0 0 0 0 0 
0.125 0.11250000447034836 0.037500001490116119 0 0 0 0 0 0 0 0 
0.125 0.11250000447034836 0.0625 0 0 0 0 0 0 0 0 
0.125 0.11250000447034836 0.087499998509883881 0 0 0 0 0 0 0 0 
0.125 0.11250000447034836 0.11250000447034836 0 0 0 0 0 0 0 0 
0.125 0.13750000298023224 0.012500000186264515 0 0 0 0 0 0 0 0 
0.125 0.13750000298023224 0.037500001490116119 0 0 0 0 0 0 0 0 
0.125 0.13750000298023224 0.0625 0 0 0 0 0 0 0 0 
0.125 0.13750000298023224 0.087499998509883881 0 0 0 0 0 0 0 0 
0.125 0.13750000298023224 0.11250000447034836 0 0 0 0 0 0 0 0 
0.125 0.16250000894069672 0.037500001490116119 0 0 0 0 0 0 0 0 
0.125 0.16250000894069672 0.0625 0 0 0 0 0 0 0 0 
0.125 0.16250000894069672 0.087499998509883881 0 0 0 0 0 0 0 0 
0.125 0.16250000894069672 0.11250000447034836 0 0 0 0 0 0 0 0 
0.125 0.1875 0.037500001490116119 0 0 0 0 0 0 0 0 
0.125 0.1875 0.0625 0 0 0 0 0 0 0 0 
0.125 0.1875 0.087499998509883881 0 0 0 0 0 0 0 0 
0.15000000596046448 0.02500000037252903 0.05000000074505806 0 0 0 0 0 0 0 0 
0.15000000596046448 0.02500000037252903 0.075000002980232239 0 0 0 0 0 0 0 0 
0.15000000596046448 0.049999997019767761 0.02500000037252903 0 0 0 0 0 0 0 0 
0.15000000596046448 0.049999997019767761 0.05000000074505806 0 0 0 0 0 0 0 0 
0.15000000596046448 0.049999997019767761 0.075000002980232239 0 0 0 0 0 0 0 0 
0.15000000596046448 0.049999997019767761 0.10000000149011612 0 0 0 0 0 0 0 0 
0.15000000596046448 0.049999997019767761 0.125 0 0 0 0 0 0 0 0 
0.15000000596046448 0.075000002980232239 0.02500000037252903 0 0 0 0 0 0 0 0 
0.15000000596046448 0.075000002980232239 0.05000000074505806 0 0 0 0 0 0 0 0 
0.15000000596046448 0.075000002980232239 0.075000002980232239 0 0 0 0 0 0 0 0 
0.15000000596046448 0.075000002980232239 0.10000000149011612 0 0 0 0 0 0 0 0 
0.15000000596046448 0.075000002980232239 0.125 0 0 0 0 0 0 0 0 
0.15000000596046448 0.10000000149011612 0.02500000037252903 0 0 0 0 0 0 0 0 
0.15000000596046448 0.10000000149011612 0.05000000074505806 0 0 0 0 0 0 0 0 
0.15000000596046448 0.10000000149011612 0.075000002980232239 0 0 0 0 0 0 0 0 
0.15000000596046448 0.10000000149011612 0.10000000149011612 0 0 0 0 0 0 0 0 
0.15000000596046448 0.10000000149011612 0.125 0 0 0 0 0 0 0 0 
0.15000000596046448 0.125 0.02500000037252903 0 0 0 0 0 0 0 0 
0.15000000596046448 0.125 0.05000000074505806 0 0 0 0 0 0 0 0 
0.15000000596046448 0.125 0.075000002980232239 0 0 0 0 0 0 0 0 
0.15000000596046448 0.125 0.10000000149011612 0 0 0 0 0 0 0 0 
0.15000000596046448 0.15000000596046448 0.02500000037252903 0 0 0 0 0 0 0 0 
0.15000000596046448 0.15000000596046448 0.05000000074505806 0 0 0 0 0 0 0 0 
0.15000000596046448 0.15000000596046448 0.075000002980232239 0 0 0 0 0 0 0 0 
0.15000000596046448 0.15000000596046448 0.10000000149011612 0 0 0 0 0 0 0 0 
0.17499999701976776 0.012500000186264515 0.0625 0 0 0 0 0 0 0 0 
0.17499999701976776 0.037499997764825821 0.012500000186264515 0 0 0 0 0 0 0 0 
0.17499999701976776 0.037499997764825821 0.037500001490116119 0 0 0 0 0 0 0 0 
0.17499999701976776 0.037499997764825821 0.0625 0 0 0 0 0 0 0 0 
0.17499999701976776 0.037499997764825821 0.087499998509883881 0 0 0 0 0 0 0 0 
0.17499999701976776 0.037499997764825821 0.11250000447034836 0 0 0 0 0 0 0 0 
0.17499999701976776 0.0625 0.012500000186264515 0 0 0 0 0 0 0 0 
0.17499999701976776 0.0625 0.037500001490116119 0 0 0 0 0 0 0 0 
0.17499999701976776 0.0625 0.0625 0 0 0 0 0 0 0 0 
0.17499999701976776 0.0625 0.087499998509883881 0 0 0 0 0 0 0 0 
0.17499999701976776 0.0625 0.11250000447034836 0 0 0 0 0 0 0 0 
0.17499999701976776 0.087499998509883881 0.012500000186264515 0 0 0 0 0 0 0 0 
0.17499999701976776 0.087499998509883881 0.037500001490116119 0 0 0 0 0 0 0 0 
0.17499999701976776 0.087499998509883881 0.0625 0 0 0 0 0 0 0 0 
0.17499999701976776 0.087499998509883881 0.087499998509883881 0 0 0 0 0 0 0 0 
0.17499999701976776 0.087499998509883881 0.11250000447034836 0 0 0 0 0 0 0 0 
0.17499999701976776 0.087499998509883881 0.13750000298023224 0 0 0 0 0 0 0 0 
0.17499999701976776 0.11250000447034836 0.037500001490116119 0 0 0 0 0 0 0 0 
0.17499999701976776 0.11250000447034836 0.0625 0 0 0 0 0 0 0 0 
0.17499999701976776 0.11250000447034836 0.087499998509883881 0 0 0 0 0 0 0 0 
0.17499999701976776 0.11250000447034836 0.11250000447034836 0 0 0 0 0 0 0 0 
0.17499999701976776 0.13750000298023224 0.037500001490116119 0 0 0 0 0 0 0 0 
0.17499999701976776 0.13750000298023224 0.0625 0 0 0 0 0 0 0 0 
0.17499999701976776 0.13750000298023224 0.087499998509883881 0 0 0 0 0 0 0 0 
0.20000000298023224 0.02500000037252903 0.02500000037252903 0 0 0 0 0 0 0 0 
0.20000000298023224 0.02500000037252903 0.05000000074505806 0 0 0 0 0 0 0 0 
0.20000000298023224 0.02500000037252903 0.075000002980232239 0 0 0 0 0 0 0 0 
0.20000000298023224 0.02500000037252903 0.10000000149011612 0 0 0 0 0 0 0 0 
0.20000000298023224 0.049999997019767761 0.02500000037252903 0 0 0 0 0 0 0 0 
0.20000000298023224 0.049999997019767761 0.05000000074505806 0 0 0 0 0 0 0 0 
0.20000000298023224 0.049999997019767761 0.075000002980232239 0 0 0 0 0 0 0 0 
0.20000000298023224 0.049999997019767761 0.10000000149011612 0 0 0 0 0 0 0 0 
0.20000000298023224 0.049999997019767761 0.125 0 0 0 0 0 0 0 0 
0.20000000298023224 0.075000002980232239 0.02500000037252903 0 0 0 0 0 0 0 0 
0.20000000298023224 0.075000002980232239 0.05000000074505806 0 0 0 0 0 0 0 0 
0.20000000298023224 0.075000002980232239 0.075000002980232239 0 0 0 0 0 0 0 0 
0.20000000298023224 0.075000002980232239 0.10000000149011612 0 0 0 0 0 0 0 0 
0.20000000298023224 0.075000002980232239 0.125 0 0 0 0 0 0 0 0 
0.20000000298023224 0.10000000149011612 0.02500000037252903 0 0 0 0 0 0 0 0 
0.20000000298023224 0.10000000149011612 0.05000000074505806 0 0 0 0 0 0 0 0 
0.20000000298023224 0.10000000149011612 0.075000002980232239 0 0 0 0 0 0 0 0 
0.20000000298023224 0.10000000149011612 0.10000000149011612 0 0 0 0 0 0 0 0 
0.20000000298023224 0.125 0.05000000074505806 0 0 0 0 0 0 0 0 
0.20000000298023224 0.125 0.075000002980232239 0 0 0 0 0 0 0 0 
0.20000000298023224 0.125 0.10000000149011612 0 0 0 0 0 0 0 0 
0.22500000894069672 0.012500000186264515 0.037500001490116119 0 0 0 0 0 0 0 0 
0.22500000894069672 0.012500000186264515 0.0625 0 0 0 0 0 0 0 0 
0.22500000894069672 0.012500000186264515 0.087499998509883881 0 0 0 0 0 0 0 0 
0.22500000894069672 0.037499997764825821 0.012500000186264515 0 0 0 0 0 0 0 0 
0.22500000894069672 0.037499997764825821 0.037500001490116119 0 0 0 0 0 0 0 0 
0.22500000894069672 0.037499997764825821 0.0625 0 0 0 0 0 0 0 0 
0.22500000894069672 0.037499997764825821 0.087499998509883881 0 0 0 0 0 0 0 0 
0.22500000894069672 0.037499997764825821 0.11250000447034836 0 0 0 0 0 0 0 0 
0.22500000894069672 0.0625 0.012500000186264515 0 0 0 0 0 0 0 0 
0.22500000894069672 0.0625 0.037500001490116119 0 0 0 0 0 0 0 0 
0.22500000894069672 0.0625 0.0625 0 0 0 0 0 0 0 0 
0.22500000894069672 0.0625 0.087499998509883881 0 0 0 0 0 0 0 0 
0.22500000894069672 0.0625 0.11250000447034836 0 0 0 0 0 0 0 0 
0.22500000894069672 0.087499998509883881 0.037500001490116119 0 0 0 0 0 0 0 0 
0.22500000894069672 0.087499998509883881 0.0625 0 0 0 0 0 0 0 0 
0.22500000894069672 0.087499998509883881 0.087499998509883881 0 0 0 0 0 0 0 0 
0.22500000894069672 0.087499998509883881 0.11250000447034836 0 0 0 0 0 0 0 0 
0.22500000894069672 0.11250000447034836 0.037500001490116119 0 0 0 0 0 0 0 0 
0.22500000894069672 0.11250000447034836 0.0625 0 0 0 0 0 0 0 0 
0.22500000894069672 0.11250000447034836 0.087499998509883881 0 0 0 0 0 0 0 0 
0.25 0.02500000037252903 0.02500000037252903 0 0 0 0 0 0 0 0 
0.25 0.02500000037252903 0.05000000074505806 0 0 0 0 0 0 0 0 
0.25 0.02500000037252903 0.075000002980232239 0 0 0 0 0 0 0 0 
0.25 0.02500000037252903 0.10000000149011612 0 0 0 0 0 0 0 0 
0.25 0.02500000037252903 0.125 0 0 0 0 0 0 0 0 
0.25 0.049999997019767761 0.02500000037252903 0 0 0 0 0 0 0 0 
0.25 0.049999997019767761 0.05000000074505806 0 0 0 0 0 0 0 0 
0.25 0.049999997019767761 0.075000002980232239 0 0 0 0 0 0 0 0 
0.25 0.049999997019767761 0.10000000149011612 0 0 0 0 0 0 0 0 
0.25 0.049999997019767761 0.125 0 0 0 0 0 0 0 0 
0.25 0.075000002980232239 0.02500000037252903 0 0 0 0 0 0 0 0 
0.25 0.075000002980232239 0.05000000074505806 0 0 0 0 0 0 0 0 
0.25 0.075000002980232239 0.075000002980232239 0 0 0 0 0 0 0 0 
0.25 0.075000002980232239 0.10000000149011612 0 0 0 0 0 0 0 0 
0.25 0.10000000149011612 0.02500000037252903 0 0 0 0 0 0 0 0 
0.25 0.10000000149011612 0.05000000074505806 0 0 0 0 0 0 0 0 
0.25 0.10000000149011612 0.075000002980232239 0 0 0 0 0 0 0 0 
0.25 0.10000000149011612 0.10000000149011612 0 0 0 0 0 0 0 0 
0.27500000596046448 0.012500000186264515 0.037500001490116119 0 0 0 0 0 0 0 0 
0.27500000596046448 0.012500000186264515 0.0625 0 0 0 0 0 0 0 0 
0.27500000596046448 0.012500000186264515 0.087499998509883881 0 0 0 0 0 0 0 0 
0.27500000596046448 0.037499997764825821 0.012500000186264515 0 0 0 0 0 0 0 0 
0.27500000596046448 0.037499997764825821 0.037500001490116119 0 0 0 0 0 0 0 0 
0.27500000596046448 0.037499997764825821 0.0625 0 0 0 0 0 0 0 0 
0.27500000596046448 0.037499997764825821 0.087499998509883881 0 0 0 0 0 0 0 0 
0.27500000596046448 0.037499997764825821 0.11250000447034836 0 0 0 0 0 0 0 0 
0.27500000596046448 0.0625 0.037500001490116119 0 0 0 0 0 0 0 0 
0.27500000596046448 0.0625 0.0625 0 0 0 0 0 0 0 0 
0.27500000596046448 0.0625 0.087499998509883881 0 0 0 0 0 0 0 0 
0.27500000596046448 0.0625 0.11250000447034836 0 0 0 0 0 0 0 0 
0.27500000596046448 0.087499998509883881 0.037500001490116119 0 0 0 0 0 0 0 0 
0.27500000596046448 0.087499998509883881 0.0625 0 0 0 0 0 0 0 0 
0.27500000596046448 0.087499998509883881 0.087499998509883881 0 0 0 0 0 0 0 0 
0.27500000596046448 0.11250000447034836 0.0625 0 0 0 0 0 0 0 0 
0.30000001192092896 0.02500000037252903 0.02500000037252903 0 0 0 0 0 0 0 0 
0.30000001192092896 0.02500000037252903 0.05000000074505806 0 0 0 0 0 0 0 0 
0.30000001192092896 0.02500000037252903 0.075000002980232239 0 0 0 0 0 0 0 0 
0.30000001192092896 0.02500000037252903 0.10000000149011612 0 0 0 0 0 0 0 0 
0.30000001192092896 0.049999997019767761 0.02500000037252903 0 0 0 0 0 0 0 0 
0.30000001192092896 0.049999997019767761 0.05000000074505806 0 0 0 0 0 0 0 0 
0.30000001192092896 0.049999997019767761 0.075000002980232239 0 0 0 0 0 0 0 0 
0.30000001192092896 0.049999997019767761 0.10000000149011612 0 0 0 0 0 0 0 0 
0.30000001192092896 0.075000002980232239 0.02500000037252903 0 0 0 0 0 0 0 0 
0.30000001192092896 0.075000002980232239 0.05000000074505806 0 0 0 0 0 0 0 0 
0.30000001192092896 0.075000002980232239 0.075000002980232239 0 0 0 0 0 0 0 0 
0.30000001192092896 0.075000002980232239 0.10000000149011612 0 0 0 0 0 0 0 0 
0.30000001192092896 0.10000000149011612 0.05000000074505806 0 0 0 0 0 0 0 0 
0.30000001192092896 0.10000000149011612 0.075000002980232239 0 0 0 0 0 0 0 0 
0.30000001192092896 0.10000000149011612 0.10000000149011612 0 0 0 0 0 0 0 0 
0.32500001788139343 0.012500000186264515 0.0625 0 0 0 0 0 0 0 0 
0.32500001788139343 0.037499997764825821 0.012500000186264515 0 0 0 0 0 0 0 0 
0.32500001788139343 0.037499997764825821 0.037500001490116119 0 0 0 0 0 0 0 0 
0.32500001788139343 0.037499997764825821 0.0625 0 0 0 0 0 0 0 0 
0.32500001788139343 0.037499997764825821 0.087499998509883881 0 0 0 0 0 0 0 0 
0.32500001788139343 0.037499997764825821 0.11250000447034836 0 0 0 0 0 0 0 0 
0.32500001788139343 0.0625 0.037500001490116119 0 0 0 0 0 0 0 0 
0.32500001788139343 0.0625 0.0625 0 0 0 0 0 0 0 0 
0.32500001788139343 0.0625 0.087499998509883881 0 0 0 0 0 0 0 0 
0.32500001788139343 0.0625 0.11250000447034836 0 0 0 0 0 0 0 0 
0.32500001788139343 0.087499998509883881 0.037500001490116119 0 0 0 0 0 0 0 0 
0.32500001788139343 0.087499998509883881 0.0625 0 0 0 0 0 0 0 0 
0.32500001788139343 0.087499998509883881 0.087499998509883881 0 0 0 0 0 0 0 0 
0.32500001788139343 0.11250000447034836 0.0625 0 0 0 0 0 0 0 0 
0.32500001788139343 0.11250000447034836 0.087499998509883881 0 0 0 0 0 0 0 0 
0.34999999403953552 0.02500000037252903 0.05000000074505806 0 0 0 0 0 0 0 0 
0.34999999403953552 0.02500000037252903 0.075000002980232239 0 0 0 0 0 0 0 0 
0.34999999403953552 0.049999997019767761 0.02500000037252903 0 0 0 0 0 0 0 0 
0.34999999403953552 0.049999997019767761 0.05000000074505806 0 0 0 0 0 0 0 0 
0.34999999403953552 0.049999997019767761 0.075000002980232239 0 0 0 0 0 0 0 0 
0.34999999403953552 0.049999997019767761 0.10000000149011612 0 0 0 0 0 0 0 0 
0.34999999403953552 0.075000002980232239 0.02500000037252903 0 0 0 0 0 0 0 0 
0.34999999403953552 0.075000002980232239 0.05000000074505806 0 0 0 0 0 0 0 0 
0.34999999403953552 0.075000002980232239 0.075000002980232239 0 0 0 0 0 0 0 0 
0.34999999403953552 0.075000002980232239 0.10000000149011612 0 0 0 0 0 0 0 0 
0.34999999403953552 0.10000000149011612 0.05000000074505806 0 0 0 0 0 0 0 0 
0.34999999403953552 0.10000000149011612 0.075000002980232239 0 0 0 0 0 0 0 0 
0.34999999403953552 0.10000000149011612 0.10000000149011612 0 0 0 0 0 0 0 0 
0.375 0.037499997764825821 0.037500001490116119 0 0 0 0 0 0 0 0 
0.375 0.037499997764825821 0.0625 0 0 0 0 0 0 0 0 
0.375 0.037499997764825821 0.087499998509883881 0 0 0 0 0 0 0 0 
0.375 0.0625 0.037500001490116119 0 0 0 0 0 0 0 0 
0.375 0.0625 0.0625 0 0 0 0 0 0 0 0 
0.375 0.0625 0.087499998509883881 0 0 0 0 0 0 0 0 
0.375 0.0625 0.11250000447034836 0 0 0 0 0 0 0 0 
0.375 0.087499998509883881 0.037500001490116119 0 0 0 0 0 0 0 0 
0.375 0.087499998509883881 0.0625 0 0 0 0 0 0 0 0 
0.375 0.087499998509883881 0.087499998509883881 0 0 0 0 0 0 0 0 
0.375 0.11250000447034836 0.037500001490116119 0 0 0 0 0 0 0 0 
0.375 0.11250000447034836 0.0625 0 0 0 0 0 0 0 0 
0.375 0.11250000447034836 0.087499998509883881 0 0 0 0 0 0 0 0 
0.40000000596046448 0.049999997019767761 0.05000000074505806 0 0 0 0 0 0 0 0 
0.40000000596046448 0.049999997019767761 0.075000002980232239 0 0 0 0 0 0 0 0 
0.40000000596046448 0.075000002980232239 0.02500000037252903 0 0 0 0 0 0 0 0 
0.40000000596046448 0.075000002980232239 0.05000000074505806 0 0 0 0 0 0 0 0 
0.40000000596046448 0.075000002980232239 0.075000002980232239 0 0 0 0 0 0 0 0 
0.40000000596046448 0.075000002980232239 0.10000000149011612 0 0 0 0 0 0 0 0 
0.40000000596046448 0.10000000149011612 0.05000000074505806 0 0 0 0 0 0 0 0 
0.40000000596046448 0.10000000149011612 0.075000002980232239 0 0 0 0 0 0 0 0 
0.40000000596046448 0.10000000149011612 0.10000000149011612 0 0 0 0 0 0 0 0 
0.40000000596046448 0.125 0.05000000074505806 0 0 0 0 0 0 0 0 
0.40000000596046448 0.125 0.075000002980232239 0 0 0 0 0 0 0 0 
0.42500001192092896 0.087499998509883881 0.037500001490116119 0 0 0 0 0 0 0 0 
0.42500001192092896 0.087499998509883881 0.0625 0 0 0 0 0 0 0 0 
0.42500001192092896 0.087499998509883881 0.087499998509883881 0 0 0 0 0 0 0 0 
0.42500001192092896 0.11250000447034836 0.0625 0 0 0 0 0 0 0 0 
0.42500001192092896 0.11250000447034836 0.087499998509883881 0 0 0 0 0 0 0 0 
