166
0.024999998509883881 0.11249999701976776 0.037499997764825821 0 0 0 0 0 0 0 0 
0.024999998509883881 0.11249999701976776 0.0625 0 0 0 0 0 0 0 0 
0.024999998509883881 0.11249999701976776 0.087499998509883881 0 0 0 0 0 0 0 0 
0.024999998509883881 0.13750000298023224 0.01249999925494194 0 0 0 0 0 0 0 0 
0.024999998509883881 0.13750000298023224 0.037499997764825821 0 0 0 0 0 0 0 0 
0.024999998509883881 0.13750000298023224 0.0625 0 0 0 0 0 0 0 0 
0.024999998509883881 0.13750000298023224 0.087499998509883881 0 0 0 0 0 0 0 0 
0.024999998509883881 0.16249999403953552 0.01249999925494194 0 0 0 0 0 0 0 0 
0.024999998509883881 0.16249999403953552 0.037499997764825821 0 0 0 0 0 0 0 0 
0.024999998509883881 0.16249999403953552 0.0625 0 0 0 0 0 0 0 0 
0.024999998509883881 0.16249999403953552 0.087499998509883881 0 0 0 0 0 0 0 0 
0.024999998509883881 0.1875 0.037499997764825821 0 0 0 0 0 0 0 0 
0.024999998509883881 0.1875 0.0625 0 0 0 0 0 0 0 0 
0.024999998509883881 0.21249999105930328 0.0625 0 0 0 0 0 0 0 0 
0.024999998509883881 0.23749999701976776 0.0625 0 0 0 0 0 0 0 0 
0.024999998509883881 0.26249998807907104 0.0625 0 0 0 0 0 0 0 0 
0.049999997019767761 0.074999995529651642 0.024999998509883881 0 0 0 0 0 0 0 0 
0.049999997019767761 0.074999995529651642 0.049999997019767761 0 0 0 0 0 0 0 0 
0.049999997019767761 0.074999995529651642 0.074999995529651642 0 0 0 0 0 0 0 0 
0.049999997019767761 0.099999994039535522 0.024999998509883881 0 0 0 0 0 0 0 0 
0.049999997019767761 0.099999994039535522 0.049999997019767761 0 0 0 0 0 0 0 0 
0.049999997019767761 0.099999994039535522 0.074999995529651642 0 0 0 0 0 0 0 0 
0.049999997019767761 0.099999994039535522 0.099999994039535522 0 0 0 0 0 0 0 0 
0.049999997019767761 0.125 0.024999998509883881 0 0 0 0 0 0 0 0 
0.049999997019767761 0.125 0.049999997019767761 0 0 0 0 0 0 0 0 
0.049999997019767761 0.125 0.074999995529651642 0 0 0 0 0 0 0 0 
0.049999997019767761 0.125 0.099999994039535522 0 0 0 0 0 0 0 0 
0.049999997019767761 0.14999999105930328 0.024999998509883881 0 0 0 0 0 0 0 0 
0.049999997019767761 0.14999999105930328 0.049999997019767761 0 0 0 0 0 0 0 0 
0.049999997019767761 0.14999999105930328 0.074999995529651642 0 0 0 0 0 0 0 0 
0.049999997019767761 0.17499999701976776 0.024999998509883881 0 0 0 0 0 0 0 0 
0.049999997019767761 0.17499999701976776 0.049999997019767761 0 0 0 0 0 0 0 0 
0.049999997019767761 0.17499999701976776 0.074999995529651642 0 0 0 0 0 0 0 0 
0.049999997019767761 0.19999998807907104 0.049999997019767761 0 0 0 0 0 0 0 0 
0.074999995529651642 0.0625 0.01249999925494194 0 0 0 0 0 0 0 0 
0.074999995529651642 0.0625 0.037499997764825821 0 0 0 0 0 0 0 0 
0.074999995529651642 0.0625 0.0625 0 0 0 0 0 0 0 0 
0.074999995529651642 0.0625 0.087499998509883881 0 0 0 0 0 0 0 0 
0.074999995529651642 0.087499998509883881 0.01249999925494194 0 0 0 0 0 0 0 0 
0.074999995529651642 0.087499998509883881 0.037499997764825821 0 0 0 0 0 0 0 0 
0.074999995529651642 0.087499998509883881 0.0625 0 0 0 0 0 0 0 0 
0.074999995529651642 0.087499998509883881 0.087499998509883881 0 0 0 0 0 0 0 0 
0.074999995529651642 0.11249999701976776 0.01249999925494194 0 0 0 0 0 0 0 0 
0.074999995529651642 0.11249999701976776 0.037499997764825821 0 0 0 0 0 0 0 0 
0.074999995529651642 0.11249999701976776 0.0625 0 0 0 0 0 0 0 0 
0.074999995529651642 0.11249999701976776 0.087499998509883881 0 0 0 0 0 0 0 0 
0.074999995529651642 0.13750000298023224 0.01249999925494194 0 0 0 0 0 0 0 0 
0.074999995529651642 0.13750000298023224 0.037499997764825821 0 0 0 0 0 0 0 0 
0.074999995529651642 0.13750000298023224 0.0625 0 0 0 0 0 0 0 0 
0.074999995529651642 0.13750000298023224 0.087499998509883881 0 0 0 0 0 0 0 0 
0.074999995529651642 0.16249999403953552 0.037499997764825821 0 0 0 0 0 0 0 0 
0.074999995529651642 0.16249999403953552 0.0625 0 0 0 0 0 0 0 0 
0.099999994039535522 0.049999997019767761 0.024999998509883881 0 0 0 0 0 0 0 0 
0.099999994039535522 0.049999997019767761 0.049999997019767761 0 0 0 0 0 0 0 0 
0.099999994039535522 0.049999997019767761 0.074999995529651642 0 0 0 0 0 0 0 0 
0.099999994039535522 0.049999997019767761 0.099999994039535522 0 0 0 0 0 0 0 0 
0.099999994039535522 0.074999995529651642 0.024999998509883881 0 0 0 0 0 0 0 0 
0.099999994039535522 0.074999995529651642 0.049999997019767761 0 0 0 0 0 0 0 0 
0.099999994039535522 0.074999995529651642 0.074999995529651642 0 0 0 0 0 0 0 0 
0.099999994039535522 0.074999995529651642 0.099999994039535522 0 0 0 0 0 0 0 0 
0.099999994039535522 0.099999994039535522 0.024999998509883881 0 0 0 0 0 0 0 0 
0.099999994039535522 0.099999994039535522 0.049999997019767761 0 0 0 0 0 0 0 0 
0.099999994039535522 0.099999994039535522 0.074999995529651642 0 0 0 0 0 0 0 0 
0.099999994039535522 0.099999994039535522 0.099999994039535522 0 0 0 0 0 0 0 0 
0.099999994039535522 0.125 0.024999998509883881 0 0 0 0 0 0 0 0 
0.099999994039535522 0.125 0.049999997019767761 0 0 0 0 0 0 0 0 
0.099999994039535522 0.125 0.074999995529651642 0 0 0 0 0 0 0 0 
0.099999994039535522 0.14999999105930328 0.049999997019767761 0 0 0 0 0 0 0 0 
0.099999994039535522 0.14999999105930328 0.074999995529651642 0 0 0 0 0 0 0 0 
0.125 0.037499997764825821 0.01249999925494194 0 0 0 0 0 0 0 0 
0.125 0.037499997764825821 0.037499997764825821 0 0 0 0 0 0 0 0 
0.125 0.037499997764825821 0.0625 0 0 0 0 0 0 0 0 
0.125 0.037499997764825821 0.087499998509883881 0 0 0 0 0 0 0 0 
0.125 0.0625 0.01249999925494194 0 0 0 0 0 0 0 0 
0.125 0.0625 0.037499997764825821 0 0 0 0 0 0 0 0 
0.125 0.0625 0.0625 0 0 0 0 0 0 0 0 
0.125 0.0625 0.087499998509883881 0 0 0 0 0 0 0 0 
0.125 0.087499998509883881 0.01249999925494194 0 0 0 0 0 0 0 0 
0.125 0.087499998509883881 0.037499997764825821 0 0 0 0 0 0 0 0 
0.125 0.087499998509883881 0.0625 0 0 0 0 0 0 0 0 
0.125 0.087499998509883881 0.087499998509883881 0 0 0 0 0 0 0 0 
0.125 0.11249999701976776 0.037499997764825821 0 0 0 0 0 0 0 0 
0.125 0.11249999701976776 0.0625 0 0 0 0 0 0 0 0 
0.125 0.11249999701976776 0.087499998509883881 0 0 0 0 0 0 0 0 
0.14999999105930328 0.024999998509883881 0.024999998509883881 0 0 0 0 0 0 0 0 
0.14999999105930328 0.024999998509883881 0.049999997019767761 0 0 0 0 0 0 0 0 
0.14999999105930328 0.024999998509883881 0.074999995529651642 0 0 0 0 0 0 0 0 
0.14999999105930328 0.024999998509883881 0.099999994039535522 0 0 0 0 0 0 0 0 
0.14999999105930328 0.049999997019767761 0.024999998509883881 0 0 0 0 0 0 0 0 
0.14999999105930328 0.049999997019767761 0.049999997019767761 0 0 0 0 0 0 0 0 
0.14999999105930328 0.049999997019767761 0.074999995529651642 0 0 0 0 0 0 0 0 
0.14999999105930328 0.049999997019767761 0.099999994039535522 0 0 0 0 0 0 0 0 
0.14999999105930328 0.074999995529651642 0.024999998509883881 0 0 0 0 0 0 0 0 
0.14999999105930328 0.074999995529651642 0.049999997019767761 0 0 0 0 0 0 0 0 
0.14999999105930328 0.074999995529651642 0.074999995529651642 0 0 0 0 0 0 0 0 
0.14999999105930328 0.099999994039535522 0.024999998509883881 0 0 0 0 0 0 0 0 
0.14999999105930328 0.099999994039535522 0.049999997019767761 0 0 0 0 0 0 0 0 
0.14999999105930328 0.099999994039535522 0.074999995529651642 0 0 0 0 0 0 0 0 
0.17499999701976776 0.01249999925494194 0.037499997764825821 0 0 0 0 0 0 0 0 
0.17499999701976776 0.01249999925494194 0.0625 0 0 0 0 0 0 0 0 
0.17499999701976776 0.01249999925494194 0.087499998509883881 0 0 0 0 0 0 0 0 
0.17499999701976776 0.037499997764825821 0.01249999925494194 0 0 0 0 0 0 0 0 
0.17499999701976776 0.037499997764825821 0.037499997764825821 0 0 0 0 0 0 0 0 
0.17499999701976776 0.037499997764825821 0.0625 0 0 0 0 0 0 0 0 
0.17499999701976776 0.037499997764825821 0.087499998509883881 0 0 0 0 0 0 0 0 
0.17499999701976776 0.0625 0.01249999925494194 0 0 0 0 0 0 0 0 
0.17499999701976776 0.0625 0.037499997764825821 0 0 0 0 0 0 0 0 
0.17499999701976776 0.0625 0.0625 0 0 0 0 0 0 0 0 
0.17499999701976776 0.0625 0.087499998509883881 0 0 0 0 0 0 0 0 
0.17499999701976776 0.087499998509883881 0.037499997764825821 0 0 0 0 0 0 0 0 
0.17499999701976776 0.087499998509883881 0.0625 0 0 0 0 0 0 0 0 
0.17499999701976776 0.087499998509883881 0.087499998509883881 0 0 0 0 0 0 0 0 
0.19999998807907104 0.024999998509883881 0.024999998509883881 0 0 0 0 0 0 0 0 
0.19999998807907104 0.024999998509883881 0.049999997019767761 0 0 0 0 0 0 0 0 
0.19999998807907104 0.024999998509883881 0.074999995529651642 0 0 0 0 0 0 0 0 
0.19999998807907104 0.024999998509883881 0.099999994039535522 0 0 0 0 0 0 0 0 
0.19999998807907104 0.049999997019767761 0.024999998509883881 0 0 0 0 0 0 0 0 
0.19999998807907104 0.049999997019767761 0.049999997019767761 0 0 0 0 0 0 0 0 
0.19999998807907104 0.049999997019767761 0.074999995529651642 0 0 0 0 0 0 0 0 
0.19999998807907104 0.074999995529651642 0.024999998509883881 0 0 0 0 0 0 0 0 
0.19999998807907104 0.074999995529651642 0.049999997019767761 0 0 0 0 0 0 0 0 
0.19999998807907104 0.074999995529651642 0.074999995529651642 0 0 0 0 0 0 0 0 
0.22499999403953552 0.01249999925494194 0.037499997764825821 0 0 0 0 0 0 0 0 
0.22499999403953552 0.01249999925494194 0.0625 0 0 0 0 0 0 0 0 
0.22499999403953552 0.01249999925494194 0.087499998509883881 0 0 0 0 0 0 0 0 
0.22499999403953552 0.037499997764825821 0.01249999925494194 0 0 0 0 0 0 0 0 
0.22499999403953552 0.037499997764825821 0.037499997764825821 0 0 0 0 0 0 0 0 
0.22499999403953552 0.037499997764825821 0.0625 0 0 0 0 0 0 0 0 
0.22499999403953552 0.037499997764825821 0.087499998509883881 0 0 0 0 0 0 0 0 
0.22499999403953552 0.0625 0.037499997764825821 0 0 0 0 0 0 0 0 
0.22499999403953552 0.0625 0.0625 0 0 0 0 0 0 0 0 
0.22499999403953552 0.0625 0.087499998509883881 0 0 0 0 0 0 0 0 
0.22499999403953552 0.087499998509883881 0.037499997764825821 0 0 0 0 0 0 0 0 
0.22499999403953552 0.087499998509883881 0.0625 0 0 0 0 0 0 0 0 
0.25 0.024999998509883881 0.024999998509883881 0 0 0 0 0 0 0 0 
0.25 0.024999998509883881 0.049999997019767761 0 0 0 0 0 0 0 0 
0.25 0.024999998509883881 0.074999995529651642 0 0 0 0 0 0 0 0 
0.25 0.049999997019767761 0.024999998509883881 0 0 0 0 0 0 0 0 
0.25 0.049999997019767761 0.049999997019767761 0 0 0 0 0 0 0 0 
0.25 0.049999997019767761 0.074999995529651642 0 0 0 0 0 0 0 0 
0.25 0.074999995529651642 0.024999998509883881 0 0 0 0 0 0 0 0 
0.25 0.074999995529651642 0.049999997019767761 0 0 0 0 0 0 0 0 
0.25 0.074999995529651642 0.074999995529651642 0 0 0 0 0 0 0 0 
0.27500000596046448 0.037499997764825821 0.01249999925494194 0 0 0 0 0 0 0 0 
0.27500000596046448 0.037499997764825821 0.037499997764825821 0 0 0 0 0 0 0 0 
0.27500000596046448 0.037499997764825821 0.0625 0 0 0 0 0 0 0 0 
0.27500000596046448 0.037499997764825821 0.087499998509883881 0 0 0 0 0 0 0 0 
0.27500000596046448 0.0625 0.037499997764825821 0 0 0 0 0 0 0 0 
0.27500000596046448 0.0625 0.0625 0 0 0 0 0 0 0 0 
0.27500000596046448 0.0625 0.087499998509883881 0 0 0 0 0 0 0 0 
0.27500000596046448 0.087499998509883881 0.037499997764825821 0 0 0 0 0 0 0 0 
0.27500000596046448 0.087499998509883881 0.0625 0 0 0 0 0 0 0 0 
0.29999998211860657 0.024999998509883881 0.049999997019767761 0 0 0 0 0 0 0 0 
0.29999998211860657 0.049999997019767761 0.024999998509883881 0 0 0 0 0 0 0 0 
0.29999998211860657 0.049999997019767761 0.049999997019767761 0 0 0 0 0 0 0 0 
0.29999998211860657 0.049999997019767761 0.074999995529651642 0 0 0 0 0 0 0 0 
0.29999998211860657 0.074999995529651642 0.024999998509883881 0 0 0 0 0 0 0 0 
0.29999998211860657 0.074999995529651642 0.049999997019767761 0 0 0 0 0 0 0 0 
0.29999998211860657 0.074999995529651642 0.074999995529651642 0 0 0 0 0 0 0 0 
0.29999998211860657 0.099999994039535522 0.049999997019767761 0 0 0 0 0 0 0 0 
0.32499998807907104 0.0625 0.037499997764825821 0 0 0 0 0 0 0 0 
0.32499998807907104 0.0625 0.0625 0 0 0 0 0 0 0 0 
0.32499998807907104 0.087499998509883881 0.037499997764825821 0 0 0 0 0 0 0 0 
0.32499998807907104 0.087499998509883881 0.0625 0 0 0 0 0 0 0 0 
0.34999999403953552 0.074999995529651642 0.049999997019767761 0 0 0 0 0 0 0 0 
0.34999999403953552 0.099999994039535522 0.049999997019767761 0 0 0 0 0 0 0 0 
