22
0.024999998509883881 0.037499997764825821 0.01249999925494194 0 0 0 0 0 0 0 0 
0.024999998509883881 0.037499997764825821 0.037499997764825821 0 0 0 0 0 0 0 0 
0.024999998509883881 0.0625 0.01249999925494194 0 0 0 0 0 0 0 0 
0.024999998509883881 0.0625 0.037499997764825821 0 0 0 0 0 0 0 0 
0.024999998509883881 0.087499998509883881 0.01249999925494194 0 0 0 0 0 0 0 0 
0.024999998509883881 0.087499998509883881 0.037499997764825821 0 0 0 0 0 0 0 0 
0.049999997019767761 0.024999998509883881 0.024999998509883881 0 0 0 0 0 0 0 0 
0.049999997019767761 0.024999998509883881 0.049999997019767761 0 0 0 0 0 0 0 0 
0.049999997019767761 0.049999997019767761 0.024999998509883881 0 0 0 0 0 0 0 0 
0.049999997019767761 0.049999997019767761 0.049999997019767761 0 0 0 0 0 0 0 0 
0.049999997019767761 0.074999995529651642 0.024999998509883881 0 0 0 0 0 0 0 0 
0.074999995529651642 0.01249999925494194 0.01249999925494194 0 0 0 0 0 0 0 0 
0.074999995529651642 0.01249999925494194 0.037499997764825821 0 0 0 0 0 0 0 0 
0.074999995529651642 0.037499997764825821 0.01249999925494194 0 0 0 0 0 0 0 0 
0.074999995529651642 0.037499997764825821 0.037499997764825821 0 0 0 0 0 0 0 0 
0.099999994039535522 0.024999998509883881 0.024999998509883881 0 0 0 0 0 0 0 0 
0.125 0.01249999925494194 0.01249999925494194 0 0 0 0 0 0 0 0 
0.125 0.01249999925494194 0.037499997764825821 0 0 0 0 0 0 0 0 
0.125 0.037499997764825821 0.01249999925494194 0 0 0 0 0 0 0 0 
0.125 0.037499997764825821 0.037499997764825821 0 0 0 0 0 0 0 0 
0.14999999105930328 0.024999998509883881 0.024999998509883881 0 0 0 0 0 0 0 0 
0.14999999105930328 0.049999997019767761 0.024999998509883881 0 0 0 0 0 0 0 0 
