71
0.024999996647238731 0.0625 0.037500001490116119 0 0 0 0 0 0 0 0 
0.024999996647238731 0.087500005960464478 0.012500002048909664 0 0 0 0 0 0 0 0 
0.024999996647238731 0.087500005960464478 0.037500001490116119 0 0 0 0 0 0 0 0 
0.024999996647238731 0.087500005960464478 0.0625 0 0 0 0 0 0 0 0 
0.024999996647238731 0.11250001192092896 0.012500002048909664 0 0 0 0 0 0 0 0 
0.024999996647238731 0.11250001192092896 0.037500001490116119 0 0 0 0 0 0 0 0 
0.024999996647238731 0.11250001192092896 0.0625 0 0 0 0 0 0 0 0 
0.024999996647238731 0.13750001788139343 0.037500001490116119 0 0 0 0 0 0 0 0 
0.024999996647238731 0.13750001788139343 0.0625 0 0 0 0 0 0 0 0 
0.024999996647238731 0.16250002384185791 0.037500001490116119 0 0 0 0 0 0 0 0 
0.024999996647238731 0.18750002980232239 0.037500001490116119 0 0 0 0 0 0 0 0 
0.05000000074505806 0.05000000074505806 0.02500000037252903 0 0 0 0 0 0 0 0 
0.05000000074505806 0.05000000074505806 0.05000000074505806 0 0 0 0 0 0 0 0 
0.05000000074505806 0.074999995529651642 0.02500000037252903 0 0 0 0 0 0 0 0 
0.05000000074505806 0.074999995529651642 0.05000000074505806 0 0 0 0 0 0 0 0 
0.05000000074505806 0.074999995529651642 0.074999995529651642 0 0 0 0 0 0 0 0 
0.05000000074505806 0.10000000149011612 0.02500000037252903 0 0 0 0 0 0 0 0 
0.05000000074505806 0.10000000149011612 0.05000000074505806 0 0 0 0 0 0 0 0 
0.05000000074505806 0.125 0.02500000037252903 0 0 0 0 0 0 0 0 
0.05000000074505806 0.125 0.05000000074505806 0 0 0 0 0 0 0 0 
0.074999995529651642 0.037500001490116119 0.012500002048909664 0 0 0 0 0 0 0 0 
0.074999995529651642 0.037500001490116119 0.037500001490116119 0 0 0 0 0 0 0 0 
0.074999995529651642 0.037500001490116119 0.0625 0 0 0 0 0 0 0 0 
0.074999995529651642 0.0625 0.012500002048909664 0 0 0 0 0 0 0 0 
0.074999995529651642 0.0625 0.037500001490116119 0 0 0 0 0 0 0 0 
0.074999995529651642 0.0625 0.0625 0 0 0 0 0 0 0 0 
0.074999995529651642 0.087500005960464478 0.012500002048909664 0 0 0 0 0 0 0 0 
0.074999995529651642 0.087500005960464478 0.037500001490116119 0 0 0 0 0 0 0 0 
0.074999995529651642 0.087500005960464478 0.0625 0 0 0 0 0 0 0 0 
0.074999995529651642 0.11250001192092896 0.037500001490116119 0 0 0 0 0 0 0 0 
0.10000000149011612 0.02500000037252903 0.02500000037252903 0 0 0 0 0 0 0 0 
0.10000000149011612 0.02500000037252903 0.05000000074505806 0 0 0 0 0 0 0 0 
0.10000000149011612 0.02500000037252903 0.074999995529651642 0 0 0 0 0 0 0 0 
0.10000000149011612 0.05000000074505806 0.02500000037252903 0 0 0 0 0 0 0 0 
0.10000000149011612 0.05000000074505806 0.05000000074505806 0 0 0 0 0 0 0 0 
0.10000000149011612 0.05000000074505806 0.074999995529651642 0 0 0 0 0 0 0 0 
0.10000000149011612 0.074999995529651642 0.02500000037252903 0 0 0 0 0 0 0 0 
0.10000000149011612 0.074999995529651642 0.05000000074505806 0 0 0 0 0 0 0 0 
0.125 0.012500000186264515 0.012500002048909664 0 0 0 0 0 0 0 0 
0.125 0.012500000186264515 0.037500001490116119 0 0 0 0 0 0 0 0 
0.125 0.012500000186264515 0.0625 0 0 0 0 0 0 0 0 
0.125 0.037500001490116119 0.012500002048909664 0 0 0 0 0 0 0 0 
0.125 0.037500001490116119 0.037500001490116119 0 0 0 0 0 0 0 0 
0.125 0.037500001490116119 0.0625 0 0 0 0 0 0 0 0 
0.125 0.0625 0.012500002048909664 0 0 0 0 0 0 0 0 
0.125 0.0625 0.037500001490116119 0 0 0 0 0 0 0 0 
0.125 0.0625 0.0625 0 0 0 0 0 0 0 0 
0.14999999105930328 0.02500000037252903 0.02500000037252903 0 0 0 0 0 0 0 0 
0.14999999105930328 0.02500000037252903 0.05000000074505806 0 0 0 0 0 0 0 0 
0.14999999105930328 0.02500000037252903 0.074999995529651642 0 0 0 0 0 0 0 0 
0.14999999105930328 0.05000000074505806 0.02500000037252903 0 0 0 0 0 0 0 0 
0.14999999105930328 0.05000000074505806 0.05000000074505806 0 0 0 0 0 0 0 0 
0.17499999701976776 0.012500000186264515 0.012500002048909664 0 0 0 0 0 0 0 0 
0.17499999701976776 0.012500000186264515 0.037500001490116119 0 0 0 0 0 0 0 0 
0.17499999701976776 0.012500000186264515 0.0625 0 0 0 0 0 0 0 0 
0.17499999701976776 0.037500001490116119 0.012500002048909664 0 0 0 0 0 0 0 0 
0.17499999701976776 0.037500001490116119 0.037500001490116119 0 0 0 0 0 0 0 0 
0.17499999701976776 0.037500001490116119 0.0625 0 0 0 0 0 0 0 0 
0.17499999701976776 0.0625 0.037500001490116119 0 0 0 0 0 0 0 0 
0.20000000298023224 0.02500000037252903 0.02500000037252903 0 0 0 0 0 0 0 0 
0.20000000298023224 0.02500000037252903 0.05000000074505806 0 0 0 0 0 0 0 0 
0.20000000298023224 0.05000000074505806 0.02500000037252903 0 0 0 0 0 0 0 0 
0.20000000298023224 0.05000000074505806 0.05000000074505806 0 0 0 0 0 0 0 0 
0.22499999403953552 0.037500001490116119 0.012500002048909664 0 0 0 0 0 0 0 0 
0.22499999403953552 0.037500001490116119 0.037500001490116119 0 0 0 0 0 0 0 0 
0.22499999403953552 0.037500001490116119 0.0625 0 0 0 0 0 0 0 0 
0.22499999403953552 0.0625 0.037500001490116119 0 0 0 0 0 0 0 0 
0.22499999403953552 0.0625 0.0625 0 0 0 0 0 0 0 0 
0.25 0.05000000074505806 0.02500000037252903 0 0 0 0 0 0 0 0 
0.25 0.05000000074505806 0.05000000074505806 0 0 0 0 0 0 0 0 
0.25 0.074999995529651642 0.05000000074505806 0 0 0 0 0 0 0 0 
