182
0.049999989569187164 0.02500000037252903 0.074999995529651642 0 0 0 0 0 0 0 0 
0.049999989569187164 0.02500000037252903 0.10000000149011612 0 0 0 0 0 0 0 0 
0.049999989569187164 0.02500000037252903 0.1249999925494194 0 0 0 0 0 0 0 0 
0.049999989569187164 0.05000000074505806 0.05000000074505806 0 0 0 0 0 0 0 0 
0.049999989569187164 0.05000000074505806 0.074999995529651642 0 0 0 0 0 0 0 0 
0.049999989569187164 0.05000000074505806 0.10000000149011612 0 0 0 0 0 0 0 0 
0.049999989569187164 0.05000000074505806 0.1249999925494194 0 0 0 0 0 0 0 0 
0.049999989569187164 0.074999995529651642 0.074999995529651642 0 0 0 0 0 0 0 0 
0.049999989569187164 0.074999995529651642 0.10000000149011612 0 0 0 0 0 0 0 0 
0.049999989569187164 0.074999995529651642 0.1249999925494194 0 0 0 0 0 0 0 0 
0.074999988079071045 0.012500002048909664 0.062499996274709702 0 0 0 0 0 0 0 0 
0.074999988079071045 0.012500002048909664 0.087499991059303284 0 0 0 0 0 0 0 0 
0.074999988079071045 0.012500002048909664 0.11249999701976776 0 0 0 0 0 0 0 0 
0.074999988079071045 0.012500002048909664 0.13750000298023224 0 0 0 0 0 0 0 0 
0.074999988079071045 0.037500001490116119 0.037499997764825821 0 0 0 0 0 0 0 0 
0.074999988079071045 0.037500001490116119 0.062499996274709702 0 0 0 0 0 0 0 0 
0.074999988079071045 0.037500001490116119 0.087499991059303284 0 0 0 0 0 0 0 0 
0.074999988079071045 0.037500001490116119 0.11249999701976776 0 0 0 0 0 0 0 0 
0.074999988079071045 0.037500001490116119 0.13750000298023224 0 0 0 0 0 0 0 0 
0.074999988079071045 0.037500001490116119 0.16249999403953552 0 0 0 0 0 0 0 0 
0.074999988079071045 0.0625 0.037499997764825821 0 0 0 0 0 0 0 0 
0.074999988079071045 0.0625 0.062499996274709702 0 0 0 0 0 0 0 0 
0.074999988079071045 0.0625 0.087499991059303284 0 0 0 0 0 0 0 0 
0.074999988079071045 0.0625 0.11249999701976776 0 0 0 0 0 0 0 0 
0.074999988079071045 0.0625 0.13750000298023224 0 0 0 0 0 0 0 0 
0.074999988079071045 0.0625 0.16249999403953552 0 0 0 0 0 0 0 0 
0.074999988079071045 0.087499998509883881 0.037499997764825821 0 0 0 0 0 0 0 0 
0.074999988079071045 0.087499998509883881 0.062499996274709702 0 0 0 0 0 0 0 0 
0.074999988079071045 0.087499998509883881 0.087499991059303284 0 0 0 0 0 0 0 0 
0.074999988079071045 0.087499998509883881 0.11249999701976776 0 0 0 0 0 0 0 0 
0.074999988079071045 0.087499998509883881 0.13750000298023224 0 0 0 0 0 0 0 0 
0.074999988079071045 0.087499998509883881 0.16249999403953552 0 0 0 0 0 0 0 0 
0.074999988079071045 0.11250000447034836 0.062499996274709702 0 0 0 0 0 0 0 0 
0.074999988079071045 0.11250000447034836 0.087499991059303284 0 0 0 0 0 0 0 0 
0.074999988079071045 0.11250000447034836 0.11249999701976776 0 0 0 0 0 0 0 0 
0.074999988079071045 0.11250000447034836 0.13750000298023224 0 0 0 0 0 0 0 0 
0.099999986588954926 0.02500000037252903 0.02500000037252903 0 0 0 0 0 0 0 0 
0.099999986588954926 0.02500000037252903 0.05000000074505806 0 0 0 0 0 0 0 0 
0.099999986588954926 0.02500000037252903 0.074999995529651642 0 0 0 0 0 0 0 0 
0.099999986588954926 0.02500000037252903 0.10000000149011612 0 0 0 0 0 0 0 0 
0.099999986588954926 0.02500000037252903 0.1249999925494194 0 0 0 0 0 0 0 0 
0.099999986588954926 0.02500000037252903 0.14999999105930328 0 0 0 0 0 0 0 0 
0.099999986588954926 0.02500000037252903 0.17499998211860657 0 0 0 0 0 0 0 0 
0.099999986588954926 0.05000000074505806 0.02500000037252903 0 0 0 0 0 0 0 0 
0.099999986588954926 0.05000000074505806 0.05000000074505806 0 0 0 0 0 0 0 0 
0.099999986588954926 0.05000000074505806 0.074999995529651642 0 0 0 0 0 0 0 0 
0.099999986588954926 0.05000000074505806 0.10000000149011612 0 0 0 0 0 0 0 0 
0.099999986588954926 0.05000000074505806 0.1249999925494194 0 0 0 0 0 0 0 0 
0.099999986588954926 0.05000000074505806 0.14999999105930328 0 0 0 0 0 0 0 0 
0.099999986588954926 0.05000000074505806 0.17499998211860657 0 0 0 0 0 0 0 0 
0.099999986588954926 0.074999995529651642 0.02500000037252903 0 0 0 0 0 0 0 0 
0.099999986588954926 0.074999995529651642 0.05000000074505806 0 0 0 0 0 0 0 0 
0.099999986588954926 0.074999995529651642 0.074999995529651642 0 0 0 0 0 0 0 0 
0.099999986588954926 0.074999995529651642 0.10000000149011612 0 0 0 0 0 0 0 0 
0.099999986588954926 0.074999995529651642 0.1249999925494194 0 0 0 0 0 0 0 0 
0.099999986588954926 0.074999995529651642 0.14999999105930328 0 0 0 0 0 0 0 0 
0.099999986588954926 0.074999995529651642 0.17499998211860657 0 0 0 0 0 0 0 0 
0.099999986588954926 0.10000000149011612 0.02500000037252903 0 0 0 0 0 0 0 0 
0.099999986588954926 0.10000000149011612 0.05000000074505806 0 0 0 0 0 0 0 0 
0.099999986588954926 0.10000000149011612 0.074999995529651642 0 0 0 0 0 0 0 0 
0.099999986588954926 0.10000000149011612 0.10000000149011612 0 0 0 0 0 0 0 0 
0.099999986588954926 0.10000000149011612 0.1249999925494194 0 0 0 0 0 0 0 0 
0.099999986588954926 0.10000000149011612 0.14999999105930328 0 0 0 0 0 0 0 0 
0.099999986588954926 0.1249999925494194 0.10000000149011612 0 0 0 0 0 0 0 0 
0.1249999925494194 0.012500002048909664 0.037499997764825821 0 0 0 0 0 0 0 0 
0.1249999925494194 0.012500002048909664 0.062499996274709702 0 0 0 0 0 0 0 0 
0.1249999925494194 0.012500002048909664 0.087499991059303284 0 0 0 0 0 0 0 0 
0.1249999925494194 0.012500002048909664 0.11249999701976776 0 0 0 0 0 0 0 0 
0.1249999925494194 0.012500002048909664 0.13750000298023224 0 0 0 0 0 0 0 0 
0.1249999925494194 0.012500002048909664 0.16249999403953552 0 0 0 0 0 0 0 0 
0.1249999925494194 0.037500001490116119 0.012499997392296791 0 0 0 0 0 0 0 0 
0.1249999925494194 0.037500001490116119 0.037499997764825821 0 0 0 0 0 0 0 0 
0.1249999925494194 0.037500001490116119 0.062499996274709702 0 0 0 0 0 0 0 0 
0.1249999925494194 0.037500001490116119 0.087499991059303284 0 0 0 0 0 0 0 0 
0.1249999925494194 0.037500001490116119 0.11249999701976776 0 0 0 0 0 0 0 0 
0.1249999925494194 0.037500001490116119 0.13750000298023224 0 0 0 0 0 0 0 0 
0.1249999925494194 0.037500001490116119 0.16249999403953552 0 0 0 0 0 0 0 0 
0.1249999925494194 0.037500001490116119 0.18750001490116119 0 0 0 0 0 0 0 0 
0.1249999925494194 0.0625 0.012499997392296791 0 0 0 0 0 0 0 0 
0.1249999925494194 0.0625 0.037499997764825821 0 0 0 0 0 0 0 0 
0.1249999925494194 0.0625 0.062499996274709702 0 0 0 0 0 0 0 0 
0.1249999925494194 0.0625 0.087499991059303284 0 0 0 0 0 0 0 0 
0.1249999925494194 0.0625 0.11249999701976776 0 0 0 0 0 0 0 0 
0.1249999925494194 0.0625 0.13750000298023224 0 0 0 0 0 0 0 0 
0.1249999925494194 0.0625 0.16249999403953552 0 0 0 0 0 0 0 0 
0.1249999925494194 0.0625 0.18750001490116119 0 0 0 0 0 0 0 0 
0.1249999925494194 0.087499998509883881 0.037499997764825821 0 0 0 0 0 0 0 0 
0.1249999925494194 0.087499998509883881 0.062499996274709702 0 0 0 0 0 0 0 0 
0.1249999925494194 0.087499998509883881 0.087499991059303284 0 0 0 0 0 0 0 0 
0.1249999925494194 0.087499998509883881 0.11249999701976776 0 0 0 0 0 0 0 0 
0.1249999925494194 0.087499998509883881 0.13750000298023224 0 0 0 0 0 0 0 0 
0.1249999925494194 0.087499998509883881 0.16249999403953552 0 0 0 0 0 0 0 0 
0.1249999925494194 0.11250000447034836 0.037499997764825821 0 0 0 0 0 0 0 0 
0.1249999925494194 0.11250000447034836 0.062499996274709702 0 0 0 0 0 0 0 0 
0.1249999925494194 0.11250000447034836 0.087499991059303284 0 0 0 0 0 0 0 0 
0.1249999925494194 0.11250000447034836 0.11249999701976776 0 0 0 0 0 0 0 0 
0.1249999925494194 0.11250000447034836 0.13750000298023224 0 0 0 0 0 0 0 0 
0.1249999925494194 0.11250000447034836 0.16249999403953552 0 0 0 0 0 0 0 0 
0.14999999105930328 0.02500000037252903 0.02500000037252903 0 0 0 0 0 0 0 0 
0.14999999105930328 0.02500000037252903 0.05000000074505806 0 0 0 0 0 0 0 0 
0.14999999105930328 0.02500000037252903 0.074999995529651642 0 0 0 0 0 0 0 0 
0.14999999105930328 0.02500000037252903 0.10000000149011612 0 0 0 0 0 0 0 0 
0.14999999105930328 0.02500000037252903 0.1249999925494194 0 0 0 0 0 0 0 0 
0.14999999105930328 0.02500000037252903 0.14999999105930328 0 0 0 0 0 0 0 0 
0.14999999105930328 0.02500000037252903 0.17499998211860657 0 0 0 0 0 0 0 0 
0.14999999105930328 0.05000000074505806 0.02500000037252903 0 0 0 0 0 0 0 0 
0.14999999105930328 0.05000000074505806 0.05000000074505806 0 0 0 0 0 0 0 0 
0.14999999105930328 0.05000000074505806 0.074999995529651642 0 0 0 0 0 0 0 0 
0.14999999105930328 0.05000000074505806 0.10000000149011612 0 0 0 0 0 0 0 0 
0.14999999105930328 0.05000000074505806 0.1249999925494194 0 0 0 0 0 0 0 0 
0.14999999105930328 0.05000000074505806 0.14999999105930328 0 0 0 0 0 0 0 0 
0.14999999105930328 0.05000000074505806 0.17499998211860657 0 0 0 0 0 0 0 0 
0.14999999105930328 0.074999995529651642 0.02500000037252903 0 0 0 0 0 0 0 0 
0.14999999105930328 0.074999995529651642 0.05000000074505806 0 0 0 0 0 0 0 0 
0.14999999105930328 0.074999995529651642 0.074999995529651642 0 0 0 0 0 0 0 0 
0.14999999105930328 0.074999995529651642 0.10000000149011612 0 0 0 0 0 0 0 0 
0.14999999105930328 0.074999995529651642 0.1249999925494194 0 0 0 0 0 0 0 0 
0.14999999105930328 0.074999995529651642 0.14999999105930328 0 0 0 0 0 0 0 0 
0.14999999105930328 0.074999995529651642 0.17499998211860657 0 0 0 0 0 0 0 0 
0.14999999105930328 0.10000000149011612 0.02500000037252903 0 0 0 0 0 0 0 0 
0.14999999105930328 0.10000000149011612 0.05000000074505806 0 0 0 0 0 0 0 0 
0.14999999105930328 0.10000000149011612 0.074999995529651642 0 0 0 0 0 0 0 0 
0.14999999105930328 0.10000000149011612 0.10000000149011612 0 0 0 0 0 0 0 0 
0.14999999105930328 0.10000000149011612 0.1249999925494194 0 0 0 0 0 0 0 0 
0.14999999105930328 0.10000000149011612 0.14999999105930328 0 0 0 0 0 0 0 0 
0.14999999105930328 0.10000000149011612 0.17499998211860657 0 0 0 0 0 0 0 0 
0.14999999105930328 0.1249999925494194 0.074999995529651642 0 0 0 0 0 0 0 0 
0.14999999105930328 0.1249999925494194 0.10000000149011612 0 0 0 0 0 0 0 0 
0.14999999105930328 0.1249999925494194 0.1249999925494194 0 0 0 0 0 0 0 0 
0.17499998211860657 0.012500002048909664 0.037499997764825821 0 0 0 0 0 0 0 0 
0.17499998211860657 0.012500002048909664 0.062499996274709702 0 0 0 0 0 0 0 0 
0.17499998211860657 0.012500002048909664 0.087499991059303284 0 0 0 0 0 0 0 0 
0.17499998211860657 0.012500002048909664 0.11249999701976776 0 0 0 0 0 0 0 0 
0.17499998211860657 0.012500002048909664 0.13750000298023224 0 0 0 0 0 0 0 0 
0.17499998211860657 0.012500002048909664 0.16249999403953552 0 0 0 0 0 0 0 0 
0.17499998211860657 0.037500001490116119 0.037499997764825821 0 0 0 0 0 0 0 0 
0.17499998211860657 0.037500001490116119 0.062499996274709702 0 0 0 0 0 0 0 0 
0.17499998211860657 0.037500001490116119 0.087499991059303284 0 0 0 0 0 0 0 0 
0.17499998211860657 0.037500001490116119 0.11249999701976776 0 0 0 0 0 0 0 0 
0.17499998211860657 0.037500001490116119 0.13750000298023224 0 0 0 0 0 0 0 0 
0.17499998211860657 0.037500001490116119 0.16249999403953552 0 0 0 0 0 0 0 0 
0.17499998211860657 0.0625 0.037499997764825821 0 0 0 0 0 0 0 0 
0.17499998211860657 0.0625 0.062499996274709702 0 0 0 0 0 0 0 0 
0.17499998211860657 0.0625 0.087499991059303284 0 0 0 0 0 0 0 0 
0.17499998211860657 0.0625 0.11249999701976776 0 0 0 0 0 0 0 0 
0.17499998211860657 0.0625 0.13750000298023224 0 0 0 0 0 0 0 0 
0.17499998211860657 0.0625 0.16249999403953552 0 0 0 0 0 0 0 0 
0.17499998211860657 0.087499998509883881 0.037499997764825821 0 0 0 0 0 0 0 0 
0.17499998211860657 0.087499998509883881 0.062499996274709702 0 0 0 0 0 0 0 0 
0.17499998211860657 0.087499998509883881 0.087499991059303284 0 0 0 0 0 0 0 0 
0.17499998211860657 0.087499998509883881 0.11249999701976776 0 0 0 0 0 0 0 0 
0.17499998211860657 0.087499998509883881 0.13750000298023224 0 0 0 0 0 0 0 0 
0.17499998211860657 0.087499998509883881 0.16249999403953552 0 0 0 0 0 0 0 0 
0.17499998211860657 0.11250000447034836 0.037499997764825821 0 0 0 0 0 0 0 0 
0.17499998211860657 0.11250000447034836 0.062499996274709702 0 0 0 0 0 0 0 0 
0.17499998211860657 0.11250000447034836 0.087499991059303284 0 0 0 0 0 0 0 0 
0.17499998211860657 0.11250000447034836 0.11249999701976776 0 0 0 0 0 0 0 0 
0.17499998211860657 0.11250000447034836 0.13750000298023224 0 0 0 0 0 0 0 0 
0.20000000298023224 0.02500000037252903 0.05000000074505806 0 0 0 0 0 0 0 0 
0.20000000298023224 0.02500000037252903 0.074999995529651642 0 0 0 0 0 0 0 0 
0.20000000298023224 0.02500000037252903 0.10000000149011612 0 0 0 0 0 0 0 0 
0.20000000298023224 0.02500000037252903 0.1249999925494194 0 0 0 0 0 0 0 0 
0.20000000298023224 0.02500000037252903 0.14999999105930328 0 0 0 0 0 0 0 0 
0.20000000298023224 0.05000000074505806 0.05000000074505806 0 0 0 0 0 0 0 0 
0.20000000298023224 0.05000000074505806 0.074999995529651642 0 0 0 0 0 0 0 0 
0.20000000298023224 0.05000000074505806 0.10000000149011612 0 0 0 0 0 0 0 0 
0.20000000298023224 0.05000000074505806 0.1249999925494194 0 0 0 0 0 0 0 0 
0.20000000298023224 0.05000000074505806 0.14999999105930328 0 0 0 0 0 0 0 0 
0.20000000298023224 0.074999995529651642 0.05000000074505806 0 0 0 0 0 0 0 0 
0.20000000298023224 0.074999995529651642 0.074999995529651642 0 0 0 0 0 0 0 0 
0.20000000298023224 0.074999995529651642 0.10000000149011612 0 0 0 0 0 0 0 0 
0.20000000298023224 0.074999995529651642 0.1249999925494194 0 0 0 0 0 0 0 0 
0.20000000298023224 0.074999995529651642 0.14999999105930328 0 0 0 0 0 0 0 0 
0.20000000298023224 0.10000000149011612 0.074999995529651642 0 0 0 0 0 0 0 0 
0.20000000298023224 0.10000000149011612 0.10000000149011612 0 0 0 0 0 0 0 0 
0.20000000298023224 0.10000000149011612 0.1249999925494194 0 0 0 0 0 0 0 0 
0.22499999403953552 0.037500001490116119 0.087499991059303284 0 0 0 0 0 0 0 0 
0.22499999403953552 0.037500001490116119 0.11249999701976776 0 0 0 0 0 0 0 0 
0.22499999403953552 0.0625 0.087499991059303284 0 0 0 0 0 0 0 0 
0.22499999403953552 0.0625 0.11249999701976776 0 0 0 0 0 0 0 0 
0.24999998509883881 0.05000000074505806 0.10000000149011612 0 0 0 0 0 0 0 0 
0.24999998509883881 0.074999995529651642 0.10000000149011612 0 0 0 0 0 0 0 0 
