51
0.024999998509883881 0.037499997764825821 0.0625 0 0 0 0 0 0 0 0 
0.049999997019767761 0.025000002235174179 0.024999998509883881 0 0 0 0 0 0 0 0 
0.049999997019767761 0.025000002235174179 0.049999997019767761 0 0 0 0 0 0 0 0 
0.049999997019767761 0.025000002235174179 0.074999995529651642 0 0 0 0 0 0 0 0 
0.049999997019767761 0.025000002235174179 0.10000000149011612 0 0 0 0 0 0 0 0 
0.049999997019767761 0.050000004470348358 0.024999998509883881 0 0 0 0 0 0 0 0 
0.049999997019767761 0.050000004470348358 0.049999997019767761 0 0 0 0 0 0 0 0 
0.049999997019767761 0.050000004470348358 0.074999995529651642 0 0 0 0 0 0 0 0 
0.049999997019767761 0.050000004470348358 0.10000000149011612 0 0 0 0 0 0 0 0 
0.049999997019767761 0.075000002980232239 0.049999997019767761 0 0 0 0 0 0 0 0 
0.049999997019767761 0.075000002980232239 0.074999995529651642 0 0 0 0 0 0 0 0 
0.074999995529651642 0.01249999925494194 0.01249999925494194 0 0 0 0 0 0 0 0 
0.074999995529651642 0.01249999925494194 0.037499997764825821 0 0 0 0 0 0 0 0 
0.074999995529651642 0.01249999925494194 0.0625 0 0 0 0 0 0 0 0 
0.074999995529651642 0.01249999925494194 0.087499998509883881 0 0 0 0 0 0 0 0 
0.074999995529651642 0.01249999925494194 0.11249999701976776 0 0 0 0 0 0 0 0 
0.074999995529651642 0.037499997764825821 0.01249999925494194 0 0 0 0 0 0 0 0 
0.074999995529651642 0.037499997764825821 0.037499997764825821 0 0 0 0 0 0 0 0 
0.074999995529651642 0.037499997764825821 0.0625 0 0 0 0 0 0 0 0 
0.074999995529651642 0.037499997764825821 0.087499998509883881 0 0 0 0 0 0 0 0 
0.074999995529651642 0.037499997764825821 0.11249999701976776 0 0 0 0 0 0 0 0 
0.074999995529651642 0.0625 0.01249999925494194 0 0 0 0 0 0 0 0 
0.074999995529651642 0.0625 0.037499997764825821 0 0 0 0 0 0 0 0 
0.074999995529651642 0.0625 0.0625 0 0 0 0 0 0 0 0 
0.074999995529651642 0.0625 0.087499998509883881 0 0 0 0 0 0 0 0 
0.074999995529651642 0.0625 0.11249999701976776 0 0 0 0 0 0 0 0 
0.099999994039535522 0.025000002235174179 0.024999998509883881 0 0 0 0 0 0 0 0 
0.099999994039535522 0.025000002235174179 0.049999997019767761 0 0 0 0 0 0 0 0 
0.099999994039535522 0.025000002235174179 0.074999995529651642 0 0 0 0 0 0 0 0 
0.099999994039535522 0.025000002235174179 0.10000000149011612 0 0 0 0 0 0 0 0 
0.099999994039535522 0.025000002235174179 0.125 0 0 0 0 0 0 0 0 
0.099999994039535522 0.050000004470348358 0.024999998509883881 0 0 0 0 0 0 0 0 
0.099999994039535522 0.050000004470348358 0.049999997019767761 0 0 0 0 0 0 0 0 
0.099999994039535522 0.050000004470348358 0.074999995529651642 0 0 0 0 0 0 0 0 
0.099999994039535522 0.050000004470348358 0.10000000149011612 0 0 0 0 0 0 0 0 
0.099999994039535522 0.075000002980232239 0.024999998509883881 0 0 0 0 0 0 0 0 
0.099999994039535522 0.075000002980232239 0.049999997019767761 0 0 0 0 0 0 0 0 
0.099999994039535522 0.075000002980232239 0.074999995529651642 0 0 0 0 0 0 0 0 
0.099999994039535522 0.075000002980232239 0.10000000149011612 0 0 0 0 0 0 0 0 
0.125 0.01249999925494194 0.037499997764825821 0 0 0 0 0 0 0 0 
0.125 0.01249999925494194 0.0625 0 0 0 0 0 0 0 0 
0.125 0.01249999925494194 0.087499998509883881 0 0 0 0 0 0 0 0 
0.125 0.037499997764825821 0.037499997764825821 0 0 0 0 0 0 0 0 
0.125 0.037499997764825821 0.0625 0 0 0 0 0 0 0 0 
0.125 0.037499997764825821 0.087499998509883881 0 0 0 0 0 0 0 0 
0.125 0.037499997764825821 0.11249999701976776 0 0 0 0 0 0 0 0 
0.125 0.0625 0.037499997764825821 0 0 0 0 0 0 0 0 
0.125 0.0625 0.0625 0 0 0 0 0 0 0 0 
0.125 0.0625 0.087499998509883881 0 0 0 0 0 0 0 0 
0.14999999105930328 0.025000002235174179 0.074999995529651642 0 0 0 0 0 0 0 0 
0.17499999701976776 0.0625 0.0625 0 0 0 0 0 0 0 0 
