859
0.02500000037252903 0.087500005960464478 0.16250000894069672 0 0 0 0 0 0 0 0 
0.02500000037252903 0.11250000447034836 0.16250000894069672 0 0 0 0 0 0 0 0 
0.02500000037252903 0.16250000894069672 0.16250000894069672 0 0 0 0 0 0 0 0 
0.05000000074505806 0.075000002980232239 0.17500001192092896 0 0 0 0 0 0 0 0 
0.05000000074505806 0.17500001192092896 0.17500001192092896 0 0 0 0 0 0 0 0 
0.075000002980232239 0.037500001490116119 0.16250000894069672 0 0 0 0 0 0 0 0 
0.075000002980232239 0.0625 0.11250000447034836 0 0 0 0 0 0 0 0 
0.075000002980232239 0.0625 0.13750000298023224 0 0 0 0 0 0 0 0 
0.075000002980232239 0.0625 0.16250000894069672 0 0 0 0 0 0 0 0 
0.075000002980232239 0.0625 0.18750001490116119 0 0 0 0 0 0 0 0 
0.075000002980232239 0.0625 0.21250000596046448 0 0 0 0 0 0 0 0 
0.075000002980232239 0.087500005960464478 0.11250000447034836 0 0 0 0 0 0 0 0 
0.075000002980232239 0.087500005960464478 0.13750000298023224 0 0 0 0 0 0 0 0 
0.075000002980232239 0.087500005960464478 0.16250000894069672 0 0 0 0 0 0 0 0 
0.075000002980232239 0.087500005960464478 0.18750001490116119 0 0 0 0 0 0 0 0 
0.075000002980232239 0.087500005960464478 0.21250000596046448 0 0 0 0 0 0 0 0 
0.075000002980232239 0.11250000447034836 0.11250000447034836 0 0 0 0 0 0 0 0 
0.075000002980232239 0.11250000447034836 0.13750000298023224 0 0 0 0 0 0 0 0 
0.075000002980232239 0.11250000447034836 0.16250000894069672 0 0 0 0 0 0 0 0 
0.075000002980232239 0.11250000447034836 0.18750001490116119 0 0 0 0 0 0 0 0 
0.075000002980232239 0.11250000447034836 0.21250000596046448 0 0 0 0 0 0 0 0 
0.075000002980232239 0.13750000298023224 0.16250000894069672 0 0 0 0 0 0 0 0 
0.10000000149011612 0.02500000037252903 0.125 0 0 0 0 0 0 0 0 
0.10000000149011612 0.02500000037252903 0.15000000596046448 0 0 0 0 0 0 0 0 
0.10000000149011612 0.02500000037252903 0.17500001192092896 0 0 0 0 0 0 0 0 
0.10000000149011612 0.02500000037252903 0.20000000298023224 0 0 0 0 0 0 0 0 
0.10000000149011612 0.02500000037252903 0.22500000894069672 0 0 0 0 0 0 0 0 
0.10000000149011612 0.05000000074505806 0.075000002980232239 0 0 0 0 0 0 0 0 
0.10000000149011612 0.05000000074505806 0.10000000149011612 0 0 0 0 0 0 0 0 
0.10000000149011612 0.05000000074505806 0.125 0 0 0 0 0 0 0 0 
0.10000000149011612 0.05000000074505806 0.15000000596046448 0 0 0 0 0 0 0 0 
0.10000000149011612 0.05000000074505806 0.17500001192092896 0 0 0 0 0 0 0 0 
0.10000000149011612 0.05000000074505806 0.20000000298023224 0 0 0 0 0 0 0 0 
0.10000000149011612 0.05000000074505806 0.22500000894069672 0 0 0 0 0 0 0 0 
0.10000000149011612 0.05000000074505806 0.25 0 0 0 0 0 0 0 0 
0.10000000149011612 0.075000002980232239 0.075000002980232239 0 0 0 0 0 0 0 0 
0.10000000149011612 0.075000002980232239 0.10000000149011612 0 0 0 0 0 0 0 0 
0.10000000149011612 0.075000002980232239 0.125 0 0 0 0 0 0 0 0 
0.10000000149011612 0.075000002980232239 0.15000000596046448 0 0 0 0 0 0 0 0 
0.10000000149011612 0.075000002980232239 0.17500001192092896 0 0 0 0 0 0 0 0 
0.10000000149011612 0.075000002980232239 0.20000000298023224 0 0 0 0 0 0 0 0 
0.10000000149011612 0.075000002980232239 0.22500000894069672 0 0 0 0 0 0 0 0 
0.10000000149011612 0.075000002980232239 0.25 0 0 0 0 0 0 0 0 
0.10000000149011612 0.10000000149011612 0.075000002980232239 0 0 0 0 0 0 0 0 
0.10000000149011612 0.10000000149011612 0.10000000149011612 0 0 0 0 0 0 0 0 
0.10000000149011612 0.10000000149011612 0.125 0 0 0 0 0 0 0 0 
0.10000000149011612 0.10000000149011612 0.15000000596046448 0 0 0 0 0 0 0 0 
0.10000000149011612 0.10000000149011612 0.17500001192092896 0 0 0 0 0 0 0 0 
0.10000000149011612 0.10000000149011612 0.20000000298023224 0 0 0 0 0 0 0 0 
0.10000000149011612 0.10000000149011612 0.22500000894069672 0 0 0 0 0 0 0 0 
0.10000000149011612 0.10000000149011612 0.25 0 0 0 0 0 0 0 0 
0.10000000149011612 0.125 0.075000002980232239 0 0 0 0 0 0 0 0 
0.10000000149011612 0.125 0.10000000149011612 0 0 0 0 0 0 0 0 
0.10000000149011612 0.125 0.125 0 0 0 0 0 0 0 0 
0.10000000149011612 0.125 0.15000000596046448 0 0 0 0 0 0 0 0 
0.10000000149011612 0.125 0.17500001192092896 0 0 0 0 0 0 0 0 
0.10000000149011612 0.125 0.20000000298023224 0 0 0 0 0 0 0 0 
0.10000000149011612 0.125 0.22500000894069672 0 0 0 0 0 0 0 0 
0.10000000149011612 0.125 0.25 0 0 0 0 0 0 0 0 
0.10000000149011612 0.15000000596046448 0.10000000149011612 0 0 0 0 0 0 0 0 
0.10000000149011612 0.15000000596046448 0.125 0 0 0 0 0 0 0 0 
0.10000000149011612 0.15000000596046448 0.15000000596046448 0 0 0 0 0 0 0 0 
0.10000000149011612 0.15000000596046448 0.17500001192092896 0 0 0 0 0 0 0 0 
0.10000000149011612 0.15000000596046448 0.20000000298023224 0 0 0 0 0 0 0 0 
0.10000000149011612 0.15000000596046448 0.22500000894069672 0 0 0 0 0 0 0 0 
0.10000000149011612 0.17500001192092896 0.125 0 0 0 0 0 0 0 0 
0.10000000149011612 0.17500001192092896 0.15000000596046448 0 0 0 0 0 0 0 0 
0.10000000149011612 0.17500001192092896 0.17500001192092896 0 0 0 0 0 0 0 0 
0.10000000149011612 0.17500001192092896 0.20000000298023224 0 0 0 0 0 0 0 0 
0.125 0.012500000186264515 0.087500005960464478 0 0 0 0 0 0 0 0 
0.125 0.012500000186264515 0.11250000447034836 0 0 0 0 0 0 0 0 
0.125 0.012500000186264515 0.13750000298023224 0 0 0 0 0 0 0 0 
0.125 0.012500000186264515 0.16250000894069672 0 0 0 0 0 0 0 0 
0.125 0.012500000186264515 0.18750001490116119 0 0 0 0 0 0 0 0 
0.125 0.012500000186264515 0.21250000596046448 0 0 0 0 0 0 0 0 
0.125 0.012500000186264515 0.23750001192092896 0 0 0 0 0 0 0 0 
0.125 0.037500001490116119 0.0625 0 0 0 0 0 0 0 0 
0.125 0.037500001490116119 0.087500005960464478 0 0 0 0 0 0 0 0 
0.125 0.037500001490116119 0.11250000447034836 0 0 0 0 0 0 0 0 
0.125 0.037500001490116119 0.13750000298023224 0 0 0 0 0 0 0 0 
0.125 0.037500001490116119 0.16250000894069672 0 0 0 0 0 0 0 0 
0.125 0.037500001490116119 0.18750001490116119 0 0 0 0 0 0 0 0 
0.125 0.037500001490116119 0.21250000596046448 0 0 0 0 0 0 0 0 
0.125 0.037500001490116119 0.23750001192092896 0 0 0 0 0 0 0 0 
0.125 0.037500001490116119 0.26250001788139343 0 0 0 0 0 0 0 0 
0.125 0.0625 0.037500001490116119 0 0 0 0 0 0 0 0 
0.125 0.0625 0.0625 0 0 0 0 0 0 0 0 
0.125 0.0625 0.087500005960464478 0 0 0 0 0 0 0 0 
0.125 0.0625 0.11250000447034836 0 0 0 0 0 0 0 0 
0.125 0.0625 0.13750000298023224 0 0 0 0 0 0 0 0 
0.125 0.0625 0.16250000894069672 0 0 0 0 0 0 0 0 
0.125 0.0625 0.18750001490116119 0 0 0 0 0 0 0 0 
0.125 0.0625 0.21250000596046448 0 0 0 0 0 0 0 0 
0.125 0.0625 0.23750001192092896 0 0 0 0 0 0 0 0 
0.125 0.0625 0.26250001788139343 0 0 0 0 0 0 0 0 
0.125 0.0625 0.28750002384185791 0 0 0 0 0 0 0 0 
0.125 0.087500005960464478 0.037500001490116119 0 0 0 0 0 0 0 0 
0.125 0.087500005960464478 0.0625 0 0 0 0 0 0 0 0 
0.125 0.087500005960464478 0.087500005960464478 0 0 0 0 0 0 0 0 
0.125 0.087500005960464478 0.11250000447034836 0 0 0 0 0 0 0 0 
0.125 0.087500005960464478 0.13750000298023224 0 0 0 0 0 0 0 0 
0.125 0.087500005960464478 0.16250000894069672 0 0 0 0 0 0 0 0 
0.125 0.087500005960464478 0.18750001490116119 0 0 0 0 0 0 0 0 
0.125 0.087500005960464478 0.21250000596046448 0 0 0 0 0 0 0 0 
0.125 0.087500005960464478 0.23750001192092896 0 0 0 0 0 0 0 0 
0.125 0.087500005960464478 0.26250001788139343 0 0 0 0 0 0 0 0 
0.125 0.087500005960464478 0.28750002384185791 0 0 0 0 0 0 0 0 
0.125 0.11250000447034836 0.0625 0 0 0 0 0 0 0 0 
0.125 0.11250000447034836 0.087500005960464478 0 0 0 0 0 0 0 0 
0.125 0.11250000447034836 0.11250000447034836 0 0 0 0 0 0 0 0 
0.125 0.11250000447034836 0.13750000298023224 0 0 0 0 0 0 0 0 
0.125 0.11250000447034836 0.16250000894069672 0 0 0 0 0 0 0 0 
0.125 0.11250000447034836 0.18750001490116119 0 0 0 0 0 0 0 0 
0.125 0.11250000447034836 0.21250000596046448 0 0 0 0 0 0 0 0 
0.125 0.11250000447034836 0.23750001192092896 0 0 0 0 0 0 0 0 
0.125 0.11250000447034836 0.26250001788139343 0 0 0 0 0 0 0 0 
0.125 0.13750000298023224 0.0625 0 0 0 0 0 0 0 0 
0.125 0.13750000298023224 0.087500005960464478 0 0 0 0 0 0 0 0 
0.125 0.13750000298023224 0.11250000447034836 0 0 0 0 0 0 0 0 
0.125 0.13750000298023224 0.13750000298023224 0 0 0 0 0 0 0 0 
0.125 0.13750000298023224 0.16250000894069672 0 0 0 0 0 0 0 0 
0.125 0.13750000298023224 0.18750001490116119 0 0 0 0 0 0 0 0 
0.125 0.13750000298023224 0.21250000596046448 0 0 0 0 0 0 0 0 
0.125 0.13750000298023224 0.23750001192092896 0 0 0 0 0 0 0 0 
0.125 0.13750000298023224 0.26250001788139343 0 0 0 0 0 0 0 0 
0.125 0.16250000894069672 0.087500005960464478 0 0 0 0 0 0 0 0 
0.125 0.16250000894069672 0.11250000447034836 0 0 0 0 0 0 0 0 
0.125 0.16250000894069672 0.13750000298023224 0 0 0 0 0 0 0 0 
0.125 0.16250000894069672 0.16250000894069672 0 0 0 0 0 0 0 0 
0.125 0.16250000894069672 0.18750001490116119 0 0 0 0 0 0 0 0 
0.125 0.16250000894069672 0.21250000596046448 0 0 0 0 0 0 0 0 
0.125 0.16250000894069672 0.23750001192092896 0 0 0 0 0 0 0 0 
0.125 0.16250000894069672 0.26250001788139343 0 0 0 0 0 0 0 0 
0.125 0.18750001490116119 0.087500005960464478 0 0 0 0 0 0 0 0 
0.125 0.18750001490116119 0.11250000447034836 0 0 0 0 0 0 0 0 
0.125 0.18750001490116119 0.13750000298023224 0 0 0 0 0 0 0 0 
0.125 0.18750001490116119 0.16250000894069672 0 0 0 0 0 0 0 0 
0.125 0.18750001490116119 0.18750001490116119 0 0 0 0 0 0 0 0 
0.125 0.18750001490116119 0.21250000596046448 0 0 0 0 0 0 0 0 
0.125 0.18750001490116119 0.23750001192092896 0 0 0 0 0 0 0 0 
0.15000000596046448 0.02500000037252903 0.05000000074505806 0 0 0 0 0 0 0 0 
0.15000000596046448 0.02500000037252903 0.075000002980232239 0 0 0 0 0 0 0 0 
0.15000000596046448 0.02500000037252903 0.10000000149011612 0 0 0 0 0 0 0 0 
0.15000000596046448 0.02500000037252903 0.125 0 0 0 0 0 0 0 0 
0.15000000596046448 0.02500000037252903 0.15000000596046448 0 0 0 0 0 0 0 0 
0.15000000596046448 0.02500000037252903 0.17500001192092896 0 0 0 0 0 0 0 0 
0.15000000596046448 0.02500000037252903 0.20000000298023224 0 0 0 0 0 0 0 0 
0.15000000596046448 0.02500000037252903 0.22500000894069672 0 0 0 0 0 0 0 0 
0.15000000596046448 0.02500000037252903 0.25 0 0 0 0 0 0 0 0 
0.15000000596046448 0.02500000037252903 0.27500000596046448 0 0 0 0 0 0 0 0 
0.15000000596046448 0.05000000074505806 0.02500000037252903 0 0 0 0 0 0 0 0 
0.15000000596046448 0.05000000074505806 0.05000000074505806 0 0 0 0 0 0 0 0 
0.15000000596046448 0.05000000074505806 0.075000002980232239 0 0 0 0 0 0 0 0 
0.15000000596046448 0.05000000074505806 0.10000000149011612 0 0 0 0 0 0 0 0 
0.15000000596046448 0.05000000074505806 0.125 0 0 0 0 0 0 0 0 
0.15000000596046448 0.05000000074505806 0.15000000596046448 0 0 0 0 0 0 0 0 
0.15000000596046448 0.05000000074505806 0.17500001192092896 0 0 0 0 0 0 0 0 
0.15000000596046448 0.05000000074505806 0.20000000298023224 0 0 0 0 0 0 0 0 
0.15000000596046448 0.05000000074505806 0.22500000894069672 0 0 0 0 0 0 0 0 
0.15000000596046448 0.05000000074505806 0.25 0 0 0 0 0 0 0 0 
0.15000000596046448 0.05000000074505806 0.27500000596046448 0 0 0 0 0 0 0 0 
0.15000000596046448 0.05000000074505806 0.30000001192092896 0 0 0 0 0 0 0 0 
0.15000000596046448 0.075000002980232239 0.02500000037252903 0 0 0 0 0 0 0 0 
0.15000000596046448 0.075000002980232239 0.05000000074505806 0 0 0 0 0 0 0 0 
0.15000000596046448 0.075000002980232239 0.075000002980232239 0 0 0 0 0 0 0 0 
0.15000000596046448 0.075000002980232239 0.10000000149011612 0 0 0 0 0 0 0 0 
0.15000000596046448 0.075000002980232239 0.125 0 0 0 0 0 0 0 0 
0.15000000596046448 0.075000002980232239 0.15000000596046448 0 0 0 0 0 0 0 0 
0.15000000596046448 0.075000002980232239 0.17500001192092896 0 0 0 0 0 0 0 0 
0.15000000596046448 0.075000002980232239 0.20000000298023224 0 0 0 0 0 0 0 0 
0.15000000596046448 0.075000002980232239 0.22500000894069672 0 0 0 0 0 0 0 0 
0.15000000596046448 0.075000002980232239 0.25 0 0 0 0 0 0 0 0 
0.15000000596046448 0.075000002980232239 0.27500000596046448 0 0 0 0 0 0 0 0 
0.15000000596046448 0.075000002980232239 0.30000001192092896 0 0 0 0 0 0 0 0 
0.15000000596046448 0.10000000149011612 0.02500000037252903 0 0 0 0 0 0 0 0 
0.15000000596046448 0.10000000149011612 0.05000000074505806 0 0 0 0 0 0 0 0 
0.15000000596046448 0.10000000149011612 0.075000002980232239 0 0 0 0 0 0 0 0 
0.15000000596046448 0.10000000149011612 0.10000000149011612 0 0 0 0 0 0 0 0 
0.15000000596046448 0.10000000149011612 0.125 0 0 0 0 0 0 0 0 
0.15000000596046448 0.10000000149011612 0.15000000596046448 0 0 0 0 0 0 0 0 
0.15000000596046448 0.10000000149011612 0.17500001192092896 0 0 0 0 0 0 0 0 
0.15000000596046448 0.10000000149011612 0.20000000298023224 0 0 0 0 0 0 0 0 
0.15000000596046448 0.10000000149011612 0.22500000894069672 0 0 0 0 0 0 0 0 
0.15000000596046448 0.10000000149011612 0.25 0 0 0 0 0 0 0 0 
0.15000000596046448 0.10000000149011612 0.27500000596046448 0 0 0 0 0 0 0 0 
0.15000000596046448 0.10000000149011612 0.30000001192092896 0 0 0 0 0 0 0 0 
0.15000000596046448 0.125 0.05000000074505806 0 0 0 0 0 0 0 0 
0.15000000596046448 0.125 0.075000002980232239 0 0 0 0 0 0 0 0 
0.15000000596046448 0.125 0.10000000149011612 0 0 0 0 0 0 0 0 
0.15000000596046448 0.125 0.125 0 0 0 0 0 0 0 0 
0.15000000596046448 0.125 0.15000000596046448 0 0 0 0 0 0 0 0 
0.15000000596046448 0.125 0.17500001192092896 0 0 0 0 0 0 0 0 
0.15000000596046448 0.125 0.20000000298023224 0 0 0 0 0 0 0 0 
0.15000000596046448 0.125 0.22500000894069672 0 0 0 0 0 0 0 0 
0.15000000596046448 0.125 0.25 0 0 0 0 0 0 0 0 
0.15000000596046448 0.125 0.27500000596046448 0 0 0 0 0 0 0 0 
0.15000000596046448 0.15000000596046448 0.05000000074505806 0 0 0 0 0 0 0 0 
0.15000000596046448 0.15000000596046448 0.075000002980232239 0 0 0 0 0 0 0 0 
0.15000000596046448 0.15000000596046448 0.10000000149011612 0 0 0 0 0 0 0 0 
0.15000000596046448 0.15000000596046448 0.125 0 0 0 0 0 0 0 0 
0.15000000596046448 0.15000000596046448 0.15000000596046448 0 0 0 0 0 0 0 0 
0.15000000596046448 0.15000000596046448 0.17500001192092896 0 0 0 0 0 0 0 0 
0.15000000596046448 0.15000000596046448 0.20000000298023224 0 0 0 0 0 0 0 0 
0.15000000596046448 0.15000000596046448 0.22500000894069672 0 0 0 0 0 0 0 0 
0.15000000596046448 0.15000000596046448 0.25 0 0 0 0 0 0 0 0 
0.15000000596046448 0.15000000596046448 0.27500000596046448 0 0 0 0 0 0 0 0 
0.15000000596046448 0.17500001192092896 0.075000002980232239 0 0 0 0 0 0 0 0 
0.15000000596046448 0.17500001192092896 0.10000000149011612 0 0 0 0 0 0 0 0 
0.15000000596046448 0.17500001192092896 0.125 0 0 0 0 0 0 0 0 
0.15000000596046448 0.17500001192092896 0.15000000596046448 0 0 0 0 0 0 0 0 
0.15000000596046448 0.17500001192092896 0.17500001192092896 0 0 0 0 0 0 0 0 
0.15000000596046448 0.17500001192092896 0.20000000298023224 0 0 0 0 0 0 0 0 
0.15000000596046448 0.17500001192092896 0.22500000894069672 0 0 0 0 0 0 0 0 
0.15000000596046448 0.17500001192092896 0.25 0 0 0 0 0 0 0 0 
0.15000000596046448 0.20000000298023224 0.075000002980232239 0 0 0 0 0 0 0 0 
0.15000000596046448 0.20000000298023224 0.10000000149011612 0 0 0 0 0 0 0 0 
0.15000000596046448 0.20000000298023224 0.125 0 0 0 0 0 0 0 0 
0.15000000596046448 0.20000000298023224 0.15000000596046448 0 0 0 0 0 0 0 0 
0.15000000596046448 0.20000000298023224 0.17500001192092896 0 0 0 0 0 0 0 0 
0.15000000596046448 0.20000000298023224 0.20000000298023224 0 0 0 0 0 0 0 0 
0.15000000596046448 0.20000000298023224 0.22500000894069672 0 0 0 0 0 0 0 0 
0.17500001192092896 0.012500000186264515 0.0625 0 0 0 0 0 0 0 0 
0.17500001192092896 0.012500000186264515 0.087500005960464478 0 0 0 0 0 0 0 0 
0.17500001192092896 0.012500000186264515 0.11250000447034836 0 0 0 0 0 0 0 0 
0.17500001192092896 0.012500000186264515 0.13750000298023224 0 0 0 0 0 0 0 0 
0.17500001192092896 0.012500000186264515 0.16250000894069672 0 0 0 0 0 0 0 0 
0.17500001192092896 0.012500000186264515 0.18750001490116119 0 0 0 0 0 0 0 0 
0.17500001192092896 0.012500000186264515 0.21250000596046448 0 0 0 0 0 0 0 0 
0.17500001192092896 0.012500000186264515 0.23750001192092896 0 0 0 0 0 0 0 0 
0.17500001192092896 0.012500000186264515 0.26250001788139343 0 0 0 0 0 0 0 0 
0.17500001192092896 0.037500001490116119 0.037500001490116119 0 0 0 0 0 0 0 0 
0.17500001192092896 0.037500001490116119 0.0625 0 0 0 0 0 0 0 0 
0.17500001192092896 0.037500001490116119 0.087500005960464478 0 0 0 0 0 0 0 0 
0.17500001192092896 0.037500001490116119 0.11250000447034836 0 0 0 0 0 0 0 0 
0.17500001192092896 0.037500001490116119 0.13750000298023224 0 0 0 0 0 0 0 0 
0.17500001192092896 0.037500001490116119 0.16250000894069672 0 0 0 0 0 0 0 0 
0.17500001192092896 0.037500001490116119 0.18750001490116119 0 0 0 0 0 0 0 0 
0.17500001192092896 0.037500001490116119 0.21250000596046448 0 0 0 0 0 0 0 0 
0.17500001192092896 0.037500001490116119 0.23750001192092896 0 0 0 0 0 0 0 0 
0.17500001192092896 0.037500001490116119 0.26250001788139343 0 0 0 0 0 0 0 0 
0.17500001192092896 0.037500001490116119 0.28750002384185791 0 0 0 0 0 0 0 0 
0.17500001192092896 0.0625 0.012500000186264515 0 0 0 0 0 0 0 0 
0.17500001192092896 0.0625 0.037500001490116119 0 0 0 0 0 0 0 0 
0.17500001192092896 0.0625 0.0625 0 0 0 0 0 0 0 0 
0.17500001192092896 0.0625 0.087500005960464478 0 0 0 0 0 0 0 0 
0.17500001192092896 0.0625 0.11250000447034836 0 0 0 0 0 0 0 0 
0.17500001192092896 0.0625 0.13750000298023224 0 0 0 0 0 0 0 0 
0.17500001192092896 0.0625 0.16250000894069672 0 0 0 0 0 0 0 0 
0.17500001192092896 0.0625 0.18750001490116119 0 0 0 0 0 0 0 0 
0.17500001192092896 0.0625 0.21250000596046448 0 0 0 0 0 0 0 0 
0.17500001192092896 0.0625 0.23750001192092896 0 0 0 0 0 0 0 0 
0.17500001192092896 0.0625 0.26250001788139343 0 0 0 0 0 0 0 0 
0.17500001192092896 0.0625 0.28750002384185791 0 0 0 0 0 0 0 0 
0.17500001192092896 0.0625 0.3125 0 0 0 0 0 0 0 0 
0.17500001192092896 0.087500005960464478 0.012500000186264515 0 0 0 0 0 0 0 0 
0.17500001192092896 0.087500005960464478 0.037500001490116119 0 0 0 0 0 0 0 0 
0.17500001192092896 0.087500005960464478 0.0625 0 0 0 0 0 0 0 0 
0.17500001192092896 0.087500005960464478 0.087500005960464478 0 0 0 0 0 0 0 0 
0.17500001192092896 0.087500005960464478 0.11250000447034836 0 0 0 0 0 0 0 0 
0.17500001192092896 0.087500005960464478 0.13750000298023224 0 0 0 0 0 0 0 0 
0.17500001192092896 0.087500005960464478 0.16250000894069672 0 0 0 0 0 0 0 0 
0.17500001192092896 0.087500005960464478 0.18750001490116119 0 0 0 0 0 0 0 0 
0.17500001192092896 0.087500005960464478 0.21250000596046448 0 0 0 0 0 0 0 0 
0.17500001192092896 0.087500005960464478 0.23750001192092896 0 0 0 0 0 0 0 0 
0.17500001192092896 0.087500005960464478 0.26250001788139343 0 0 0 0 0 0 0 0 
0.17500001192092896 0.087500005960464478 0.28750002384185791 0 0 0 0 0 0 0 0 
0.17500001192092896 0.087500005960464478 0.3125 0 0 0 0 0 0 0 0 
0.17500001192092896 0.11250000447034836 0.037500001490116119 0 0 0 0 0 0 0 0 
0.17500001192092896 0.11250000447034836 0.0625 0 0 0 0 0 0 0 0 
0.17500001192092896 0.11250000447034836 0.087500005960464478 0 0 0 0 0 0 0 0 
0.17500001192092896 0.11250000447034836 0.11250000447034836 0 0 0 0 0 0 0 0 
0.17500001192092896 0.11250000447034836 0.13750000298023224 0 0 0 0 0 0 0 0 
0.17500001192092896 0.11250000447034836 0.16250000894069672 0 0 0 0 0 0 0 0 
0.17500001192092896 0.11250000447034836 0.18750001490116119 0 0 0 0 0 0 0 0 
0.17500001192092896 0.11250000447034836 0.21250000596046448 0 0 0 0 0 0 0 0 
0.17500001192092896 0.11250000447034836 0.23750001192092896 0 0 0 0 0 0 0 0 
0.17500001192092896 0.11250000447034836 0.26250001788139343 0 0 0 0 0 0 0 0 
0.17500001192092896 0.11250000447034836 0.28750002384185791 0 0 0 0 0 0 0 0 
0.17500001192092896 0.13750000298023224 0.037500001490116119 0 0 0 0 0 0 0 0 
0.17500001192092896 0.13750000298023224 0.0625 0 0 0 0 0 0 0 0 
0.17500001192092896 0.13750000298023224 0.087500005960464478 0 0 0 0 0 0 0 0 
0.17500001192092896 0.13750000298023224 0.11250000447034836 0 0 0 0 0 0 0 0 
0.17500001192092896 0.13750000298023224 0.13750000298023224 0 0 0 0 0 0 0 0 
0.17500001192092896 0.13750000298023224 0.16250000894069672 0 0 0 0 0 0 0 0 
0.17500001192092896 0.13750000298023224 0.18750001490116119 0 0 0 0 0 0 0 0 
0.17500001192092896 0.13750000298023224 0.21250000596046448 0 0 0 0 0 0 0 0 
0.17500001192092896 0.13750000298023224 0.23750001192092896 0 0 0 0 0 0 0 0 
0.17500001192092896 0.13750000298023224 0.26250001788139343 0 0 0 0 0 0 0 0 
0.17500001192092896 0.13750000298023224 0.28750002384185791 0 0 0 0 0 0 0 0 
0.17500001192092896 0.16250000894069672 0.037500001490116119 0 0 0 0 0 0 0 0 
0.17500001192092896 0.16250000894069672 0.0625 0 0 0 0 0 0 0 0 
0.17500001192092896 0.16250000894069672 0.087500005960464478 0 0 0 0 0 0 0 0 
0.17500001192092896 0.16250000894069672 0.11250000447034836 0 0 0 0 0 0 0 0 
0.17500001192092896 0.16250000894069672 0.13750000298023224 0 0 0 0 0 0 0 0 
0.17500001192092896 0.16250000894069672 0.16250000894069672 0 0 0 0 0 0 0 0 
0.17500001192092896 0.16250000894069672 0.18750001490116119 0 0 0 0 0 0 0 0 
0.17500001192092896 0.16250000894069672 0.21250000596046448 0 0 0 0 0 0 0 0 
0.17500001192092896 0.16250000894069672 0.23750001192092896 0 0 0 0 0 0 0 0 
0.17500001192092896 0.16250000894069672 0.26250001788139343 0 0 0 0 0 0 0 0 
0.17500001192092896 0.16250000894069672 0.28750002384185791 0 0 0 0 0 0 0 0 
0.17500001192092896 0.18750001490116119 0.0625 0 0 0 0 0 0 0 0 
0.17500001192092896 0.18750001490116119 0.087500005960464478 0 0 0 0 0 0 0 0 
0.17500001192092896 0.18750001490116119 0.11250000447034836 0 0 0 0 0 0 0 0 
0.17500001192092896 0.18750001490116119 0.13750000298023224 0 0 0 0 0 0 0 0 
0.17500001192092896 0.18750001490116119 0.16250000894069672 0 0 0 0 0 0 0 0 
0.17500001192092896 0.18750001490116119 0.18750001490116119 0 0 0 0 0 0 0 0 
0.17500001192092896 0.18750001490116119 0.21250000596046448 0 0 0 0 0 0 0 0 
0.17500001192092896 0.18750001490116119 0.23750001192092896 0 0 0 0 0 0 0 0 
0.17500001192092896 0.18750001490116119 0.26250001788139343 0 0 0 0 0 0 0 0 
0.20000000298023224 0.02500000037252903 0.05000000074505806 0 0 0 0 0 0 0 0 
0.20000000298023224 0.02500000037252903 0.075000002980232239 0 0 0 0 0 0 0 0 
0.20000000298023224 0.02500000037252903 0.10000000149011612 0 0 0 0 0 0 0 0 
0.20000000298023224 0.02500000037252903 0.125 0 0 0 0 0 0 0 0 
0.20000000298023224 0.02500000037252903 0.15000000596046448 0 0 0 0 0 0 0 0 
0.20000000298023224 0.02500000037252903 0.17500001192092896 0 0 0 0 0 0 0 0 
0.20000000298023224 0.02500000037252903 0.20000000298023224 0 0 0 0 0 0 0 0 
0.20000000298023224 0.02500000037252903 0.22500000894069672 0 0 0 0 0 0 0 0 
0.20000000298023224 0.02500000037252903 0.25 0 0 0 0 0 0 0 0 
0.20000000298023224 0.02500000037252903 0.27500000596046448 0 0 0 0 0 0 0 0 
0.20000000298023224 0.05000000074505806 0.02500000037252903 0 0 0 0 0 0 0 0 
0.20000000298023224 0.05000000074505806 0.05000000074505806 0 0 0 0 0 0 0 0 
0.20000000298023224 0.05000000074505806 0.075000002980232239 0 0 0 0 0 0 0 0 
0.20000000298023224 0.05000000074505806 0.10000000149011612 0 0 0 0 0 0 0 0 
0.20000000298023224 0.05000000074505806 0.125 0 0 0 0 0 0 0 0 
0.20000000298023224 0.05000000074505806 0.15000000596046448 0 0 0 0 0 0 0 0 
0.20000000298023224 0.05000000074505806 0.17500001192092896 0 0 0 0 0 0 0 0 
0.20000000298023224 0.05000000074505806 0.20000000298023224 0 0 0 0 0 0 0 0 
0.20000000298023224 0.05000000074505806 0.22500000894069672 0 0 0 0 0 0 0 0 
0.20000000298023224 0.05000000074505806 0.25 0 0 0 0 0 0 0 0 
0.20000000298023224 0.05000000074505806 0.27500000596046448 0 0 0 0 0 0 0 0 
0.20000000298023224 0.05000000074505806 0.30000001192092896 0 0 0 0 0 0 0 0 
0.20000000298023224 0.075000002980232239 0.02500000037252903 0 0 0 0 0 0 0 0 
0.20000000298023224 0.075000002980232239 0.05000000074505806 0 0 0 0 0 0 0 0 
0.20000000298023224 0.075000002980232239 0.075000002980232239 0 0 0 0 0 0 0 0 
0.20000000298023224 0.075000002980232239 0.10000000149011612 0 0 0 0 0 0 0 0 
0.20000000298023224 0.075000002980232239 0.125 0 0 0 0 0 0 0 0 
0.20000000298023224 0.075000002980232239 0.15000000596046448 0 0 0 0 0 0 0 0 
0.20000000298023224 0.075000002980232239 0.17500001192092896 0 0 0 0 0 0 0 0 
0.20000000298023224 0.075000002980232239 0.20000000298023224 0 0 0 0 0 0 0 0 
0.20000000298023224 0.075000002980232239 0.22500000894069672 0 0 0 0 0 0 0 0 
0.20000000298023224 0.075000002980232239 0.25 0 0 0 0 0 0 0 0 
0.20000000298023224 0.075000002980232239 0.27500000596046448 0 0 0 0 0 0 0 0 
0.20000000298023224 0.075000002980232239 0.30000001192092896 0 0 0 0 0 0 0 0 
0.20000000298023224 0.10000000149011612 0.02500000037252903 0 0 0 0 0 0 0 0 
0.20000000298023224 0.10000000149011612 0.05000000074505806 0 0 0 0 0 0 0 0 
0.20000000298023224 0.10000000149011612 0.075000002980232239 0 0 0 0 0 0 0 0 
0.20000000298023224 0.10000000149011612 0.10000000149011612 0 0 0 0 0 0 0 0 
0.20000000298023224 0.10000000149011612 0.125 0 0 0 0 0 0 0 0 
0.20000000298023224 0.10000000149011612 0.15000000596046448 0 0 0 0 0 0 0 0 
0.20000000298023224 0.10000000149011612 0.17500001192092896 0 0 0 0 0 0 0 0 
0.20000000298023224 0.10000000149011612 0.20000000298023224 0 0 0 0 0 0 0 0 
0.20000000298023224 0.10000000149011612 0.22500000894069672 0 0 0 0 0 0 0 0 
0.20000000298023224 0.10000000149011612 0.25 0 0 0 0 0 0 0 0 
0.20000000298023224 0.10000000149011612 0.27500000596046448 0 0 0 0 0 0 0 0 
0.20000000298023224 0.10000000149011612 0.30000001192092896 0 0 0 0 0 0 0 0 
0.20000000298023224 0.125 0.02500000037252903 0 0 0 0 0 0 0 0 
0.20000000298023224 0.125 0.05000000074505806 0 0 0 0 0 0 0 0 
0.20000000298023224 0.125 0.075000002980232239 0 0 0 0 0 0 0 0 
0.20000000298023224 0.125 0.10000000149011612 0 0 0 0 0 0 0 0 
0.20000000298023224 0.125 0.125 0 0 0 0 0 0 0 0 
0.20000000298023224 0.125 0.15000000596046448 0 0 0 0 0 0 0 0 
0.20000000298023224 0.125 0.17500001192092896 0 0 0 0 0 0 0 0 
0.20000000298023224 0.125 0.20000000298023224 0 0 0 0 0 0 0 0 
0.20000000298023224 0.125 0.22500000894069672 0 0 0 0 0 0 0 0 
0.20000000298023224 0.125 0.25 0 0 0 0 0 0 0 0 
0.20000000298023224 0.125 0.27500000596046448 0 0 0 0 0 0 0 0 
0.20000000298023224 0.125 0.30000001192092896 0 0 0 0 0 0 0 0 
0.20000000298023224 0.15000000596046448 0.02500000037252903 0 0 0 0 0 0 0 0 
0.20000000298023224 0.15000000596046448 0.05000000074505806 0 0 0 0 0 0 0 0 
0.20000000298023224 0.15000000596046448 0.075000002980232239 0 0 0 0 0 0 0 0 
0.20000000298023224 0.15000000596046448 0.10000000149011612 0 0 0 0 0 0 0 0 
0.20000000298023224 0.15000000596046448 0.125 0 0 0 0 0 0 0 0 
0.20000000298023224 0.15000000596046448 0.15000000596046448 0 0 0 0 0 0 0 0 
0.20000000298023224 0.15000000596046448 0.17500001192092896 0 0 0 0 0 0 0 0 
0.20000000298023224 0.15000000596046448 0.20000000298023224 0 0 0 0 0 0 0 0 
0.20000000298023224 0.15000000596046448 0.22500000894069672 0 0 0 0 0 0 0 0 
0.20000000298023224 0.15000000596046448 0.25 0 0 0 0 0 0 0 0 
0.20000000298023224 0.15000000596046448 0.27500000596046448 0 0 0 0 0 0 0 0 
0.20000000298023224 0.15000000596046448 0.30000001192092896 0 0 0 0 0 0 0 0 
0.20000000298023224 0.17500001192092896 0.05000000074505806 0 0 0 0 0 0 0 0 
0.20000000298023224 0.17500001192092896 0.075000002980232239 0 0 0 0 0 0 0 0 
0.20000000298023224 0.17500001192092896 0.10000000149011612 0 0 0 0 0 0 0 0 
0.20000000298023224 0.17500001192092896 0.125 0 0 0 0 0 0 0 0 
0.20000000298023224 0.17500001192092896 0.15000000596046448 0 0 0 0 0 0 0 0 
0.20000000298023224 0.17500001192092896 0.17500001192092896 0 0 0 0 0 0 0 0 
0.20000000298023224 0.17500001192092896 0.20000000298023224 0 0 0 0 0 0 0 0 
0.20000000298023224 0.17500001192092896 0.22500000894069672 0 0 0 0 0 0 0 0 
0.20000000298023224 0.17500001192092896 0.25 0 0 0 0 0 0 0 0 
0.20000000298023224 0.17500001192092896 0.27500000596046448 0 0 0 0 0 0 0 0 
0.20000000298023224 0.20000000298023224 0.05000000074505806 0 0 0 0 0 0 0 0 
0.20000000298023224 0.20000000298023224 0.075000002980232239 0 0 0 0 0 0 0 0 
0.20000000298023224 0.20000000298023224 0.10000000149011612 0 0 0 0 0 0 0 0 
0.20000000298023224 0.20000000298023224 0.125 0 0 0 0 0 0 0 0 
0.20000000298023224 0.20000000298023224 0.15000000596046448 0 0 0 0 0 0 0 0 
0.20000000298023224 0.20000000298023224 0.17500001192092896 0 0 0 0 0 0 0 0 
0.20000000298023224 0.20000000298023224 0.20000000298023224 0 0 0 0 0 0 0 0 
0.20000000298023224 0.20000000298023224 0.22500000894069672 0 0 0 0 0 0 0 0 
0.20000000298023224 0.20000000298023224 0.25 0 0 0 0 0 0 0 0 
0.20000000298023224 0.20000000298023224 0.27500000596046448 0 0 0 0 0 0 0 0 
0.20000000298023224 0.25 0.15000000596046448 0 0 0 0 0 0 0 0 
0.20000000298023224 0.25 0.17500001192092896 0 0 0 0 0 0 0 0 
0.22500000894069672 0.012500000186264515 0.0625 0 0 0 0 0 0 0 0 
0.22500000894069672 0.012500000186264515 0.087500005960464478 0 0 0 0 0 0 0 0 
0.22500000894069672 0.012500000186264515 0.11250000447034836 0 0 0 0 0 0 0 0 
0.22500000894069672 0.012500000186264515 0.13750000298023224 0 0 0 0 0 0 0 0 
0.22500000894069672 0.012500000186264515 0.16250000894069672 0 0 0 0 0 0 0 0 
0.22500000894069672 0.012500000186264515 0.18750001490116119 0 0 0 0 0 0 0 0 
0.22500000894069672 0.012500000186264515 0.21250000596046448 0 0 0 0 0 0 0 0 
0.22500000894069672 0.012500000186264515 0.23750001192092896 0 0 0 0 0 0 0 0 
0.22500000894069672 0.012500000186264515 0.26250001788139343 0 0 0 0 0 0 0 0 
0.22500000894069672 0.037500001490116119 0.037500001490116119 0 0 0 0 0 0 0 0 
0.22500000894069672 0.037500001490116119 0.0625 0 0 0 0 0 0 0 0 
0.22500000894069672 0.037500001490116119 0.087500005960464478 0 0 0 0 0 0 0 0 
0.22500000894069672 0.037500001490116119 0.11250000447034836 0 0 0 0 0 0 0 0 
0.22500000894069672 0.037500001490116119 0.13750000298023224 0 0 0 0 0 0 0 0 
0.22500000894069672 0.037500001490116119 0.16250000894069672 0 0 0 0 0 0 0 0 
0.22500000894069672 0.037500001490116119 0.18750001490116119 0 0 0 0 0 0 0 0 
0.22500000894069672 0.037500001490116119 0.21250000596046448 0 0 0 0 0 0 0 0 
0.22500000894069672 0.037500001490116119 0.23750001192092896 0 0 0 0 0 0 0 0 
0.22500000894069672 0.037500001490116119 0.26250001788139343 0 0 0 0 0 0 0 0 
0.22500000894069672 0.037500001490116119 0.28750002384185791 0 0 0 0 0 0 0 0 
0.22500000894069672 0.0625 0.012500000186264515 0 0 0 0 0 0 0 0 
0.22500000894069672 0.0625 0.037500001490116119 0 0 0 0 0 0 0 0 
0.22500000894069672 0.0625 0.0625 0 0 0 0 0 0 0 0 
0.22500000894069672 0.0625 0.087500005960464478 0 0 0 0 0 0 0 0 
0.22500000894069672 0.0625 0.11250000447034836 0 0 0 0 0 0 0 0 
0.22500000894069672 0.0625 0.13750000298023224 0 0 0 0 0 0 0 0 
0.22500000894069672 0.0625 0.16250000894069672 0 0 0 0 0 0 0 0 
0.22500000894069672 0.0625 0.18750001490116119 0 0 0 0 0 0 0 0 
0.22500000894069672 0.0625 0.21250000596046448 0 0 0 0 0 0 0 0 
0.22500000894069672 0.0625 0.23750001192092896 0 0 0 0 0 0 0 0 
0.22500000894069672 0.0625 0.26250001788139343 0 0 0 0 0 0 0 0 
0.22500000894069672 0.0625 0.28750002384185791 0 0 0 0 0 0 0 0 
0.22500000894069672 0.0625 0.3125 0 0 0 0 0 0 0 0 
0.22500000894069672 0.087500005960464478 0.012500000186264515 0 0 0 0 0 0 0 0 
0.22500000894069672 0.087500005960464478 0.037500001490116119 0 0 0 0 0 0 0 0 
0.22500000894069672 0.087500005960464478 0.0625 0 0 0 0 0 0 0 0 
0.22500000894069672 0.087500005960464478 0.087500005960464478 0 0 0 0 0 0 0 0 
0.22500000894069672 0.087500005960464478 0.11250000447034836 0 0 0 0 0 0 0 0 
0.22500000894069672 0.087500005960464478 0.13750000298023224 0 0 0 0 0 0 0 0 
0.22500000894069672 0.087500005960464478 0.16250000894069672 0 0 0 0 0 0 0 0 
0.22500000894069672 0.087500005960464478 0.18750001490116119 0 0 0 0 0 0 0 0 
0.22500000894069672 0.087500005960464478 0.21250000596046448 0 0 0 0 0 0 0 0 
0.22500000894069672 0.087500005960464478 0.23750001192092896 0 0 0 0 0 0 0 0 
0.22500000894069672 0.087500005960464478 0.26250001788139343 0 0 0 0 0 0 0 0 
0.22500000894069672 0.087500005960464478 0.28750002384185791 0 0 0 0 0 0 0 0 
0.22500000894069672 0.087500005960464478 0.3125 0 0 0 0 0 0 0 0 
0.22500000894069672 0.11250000447034836 0.012500000186264515 0 0 0 0 0 0 0 0 
0.22500000894069672 0.11250000447034836 0.037500001490116119 0 0 0 0 0 0 0 0 
0.22500000894069672 0.11250000447034836 0.0625 0 0 0 0 0 0 0 0 
0.22500000894069672 0.11250000447034836 0.087500005960464478 0 0 0 0 0 0 0 0 
0.22500000894069672 0.11250000447034836 0.11250000447034836 0 0 0 0 0 0 0 0 
0.22500000894069672 0.11250000447034836 0.13750000298023224 0 0 0 0 0 0 0 0 
0.22500000894069672 0.11250000447034836 0.16250000894069672 0 0 0 0 0 0 0 0 
0.22500000894069672 0.11250000447034836 0.18750001490116119 0 0 0 0 0 0 0 0 
0.22500000894069672 0.11250000447034836 0.21250000596046448 0 0 0 0 0 0 0 0 
0.22500000894069672 0.11250000447034836 0.23750001192092896 0 0 0 0 0 0 0 0 
0.22500000894069672 0.11250000447034836 0.26250001788139343 0 0 0 0 0 0 0 0 
0.22500000894069672 0.11250000447034836 0.28750002384185791 0 0 0 0 0 0 0 0 
0.22500000894069672 0.11250000447034836 0.3125 0 0 0 0 0 0 0 0 
0.22500000894069672 0.13750000298023224 0.037500001490116119 0 0 0 0 0 0 0 0 
0.22500000894069672 0.13750000298023224 0.0625 0 0 0 0 0 0 0 0 
0.22500000894069672 0.13750000298023224 0.087500005960464478 0 0 0 0 0 0 0 0 
0.22500000894069672 0.13750000298023224 0.11250000447034836 0 0 0 0 0 0 0 0 
0.22500000894069672 0.13750000298023224 0.13750000298023224 0 0 0 0 0 0 0 0 
0.22500000894069672 0.13750000298023224 0.16250000894069672 0 0 0 0 0 0 0 0 
0.22500000894069672 0.13750000298023224 0.18750001490116119 0 0 0 0 0 0 0 0 
0.22500000894069672 0.13750000298023224 0.21250000596046448 0 0 0 0 0 0 0 0 
0.22500000894069672 0.13750000298023224 0.23750001192092896 0 0 0 0 0 0 0 0 
0.22500000894069672 0.13750000298023224 0.26250001788139343 0 0 0 0 0 0 0 0 
0.22500000894069672 0.13750000298023224 0.28750002384185791 0 0 0 0 0 0 0 0 
0.22500000894069672 0.16250000894069672 0.037500001490116119 0 0 0 0 0 0 0 0 
0.22500000894069672 0.16250000894069672 0.0625 0 0 0 0 0 0 0 0 
0.22500000894069672 0.16250000894069672 0.087500005960464478 0 0 0 0 0 0 0 0 
0.22500000894069672 0.16250000894069672 0.11250000447034836 0 0 0 0 0 0 0 0 
0.22500000894069672 0.16250000894069672 0.13750000298023224 0 0 0 0 0 0 0 0 
0.22500000894069672 0.16250000894069672 0.16250000894069672 0 0 0 0 0 0 0 0 
0.22500000894069672 0.16250000894069672 0.18750001490116119 0 0 0 0 0 0 0 0 
0.22500000894069672 0.16250000894069672 0.21250000596046448 0 0 0 0 0 0 0 0 
0.22500000894069672 0.16250000894069672 0.23750001192092896 0 0 0 0 0 0 0 0 
0.22500000894069672 0.16250000894069672 0.26250001788139343 0 0 0 0 0 0 0 0 
0.22500000894069672 0.16250000894069672 0.28750002384185791 0 0 0 0 0 0 0 0 
0.22500000894069672 0.18750001490116119 0.0625 0 0 0 0 0 0 0 0 
0.22500000894069672 0.18750001490116119 0.087500005960464478 0 0 0 0 0 0 0 0 
0.22500000894069672 0.18750001490116119 0.11250000447034836 0 0 0 0 0 0 0 0 
0.22500000894069672 0.18750001490116119 0.13750000298023224 0 0 0 0 0 0 0 0 
0.22500000894069672 0.18750001490116119 0.16250000894069672 0 0 0 0 0 0 0 0 
0.22500000894069672 0.18750001490116119 0.18750001490116119 0 0 0 0 0 0 0 0 
0.22500000894069672 0.18750001490116119 0.21250000596046448 0 0 0 0 0 0 0 0 
0.22500000894069672 0.18750001490116119 0.23750001192092896 0 0 0 0 0 0 0 0 
0.22500000894069672 0.18750001490116119 0.26250001788139343 0 0 0 0 0 0 0 0 
0.22500000894069672 0.18750001490116119 0.28750002384185791 0 0 0 0 0 0 0 0 
0.22500000894069672 0.21250000596046448 0.13750000298023224 0 0 0 0 0 0 0 0 
0.22500000894069672 0.21250000596046448 0.16250000894069672 0 0 0 0 0 0 0 0 
0.22500000894069672 0.21250000596046448 0.18750001490116119 0 0 0 0 0 0 0 0 
0.22500000894069672 0.23750001192092896 0.16250000894069672 0 0 0 0 0 0 0 0 
0.25 0.02500000037252903 0.05000000074505806 0 0 0 0 0 0 0 0 
0.25 0.02500000037252903 0.075000002980232239 0 0 0 0 0 0 0 0 
0.25 0.02500000037252903 0.10000000149011612 0 0 0 0 0 0 0 0 
0.25 0.02500000037252903 0.125 0 0 0 0 0 0 0 0 
0.25 0.02500000037252903 0.15000000596046448 0 0 0 0 0 0 0 0 
0.25 0.02500000037252903 0.17500001192092896 0 0 0 0 0 0 0 0 
0.25 0.02500000037252903 0.20000000298023224 0 0 0 0 0 0 0 0 
0.25 0.02500000037252903 0.22500000894069672 0 0 0 0 0 0 0 0 
0.25 0.02500000037252903 0.25 0 0 0 0 0 0 0 0 
0.25 0.02500000037252903 0.27500000596046448 0 0 0 0 0 0 0 0 
0.25 0.05000000074505806 0.02500000037252903 0 0 0 0 0 0 0 0 
0.25 0.05000000074505806 0.05000000074505806 0 0 0 0 0 0 0 0 
0.25 0.05000000074505806 0.075000002980232239 0 0 0 0 0 0 0 0 
0.25 0.05000000074505806 0.10000000149011612 0 0 0 0 0 0 0 0 
0.25 0.05000000074505806 0.125 0 0 0 0 0 0 0 0 
0.25 0.05000000074505806 0.15000000596046448 0 0 0 0 0 0 0 0 
0.25 0.05000000074505806 0.17500001192092896 0 0 0 0 0 0 0 0 
0.25 0.05000000074505806 0.20000000298023224 0 0 0 0 0 0 0 0 
0.25 0.05000000074505806 0.22500000894069672 0 0 0 0 0 0 0 0 
0.25 0.05000000074505806 0.25 0 0 0 0 0 0 0 0 
0.25 0.05000000074505806 0.27500000596046448 0 0 0 0 0 0 0 0 
0.25 0.05000000074505806 0.30000001192092896 0 0 0 0 0 0 0 0 
0.25 0.075000002980232239 0.02500000037252903 0 0 0 0 0 0 0 0 
0.25 0.075000002980232239 0.05000000074505806 0 0 0 0 0 0 0 0 
0.25 0.075000002980232239 0.075000002980232239 0 0 0 0 0 0 0 0 
0.25 0.075000002980232239 0.10000000149011612 0 0 0 0 0 0 0 0 
0.25 0.075000002980232239 0.125 0 0 0 0 0 0 0 0 
0.25 0.075000002980232239 0.15000000596046448 0 0 0 0 0 0 0 0 
0.25 0.075000002980232239 0.17500001192092896 0 0 0 0 0 0 0 0 
0.25 0.075000002980232239 0.20000000298023224 0 0 0 0 0 0 0 0 
0.25 0.075000002980232239 0.22500000894069672 0 0 0 0 0 0 0 0 
0.25 0.075000002980232239 0.25 0 0 0 0 0 0 0 0 
0.25 0.075000002980232239 0.27500000596046448 0 0 0 0 0 0 0 0 
0.25 0.075000002980232239 0.30000001192092896 0 0 0 0 0 0 0 0 
0.25 0.10000000149011612 0.02500000037252903 0 0 0 0 0 0 0 0 
0.25 0.10000000149011612 0.05000000074505806 0 0 0 0 0 0 0 0 
0.25 0.10000000149011612 0.075000002980232239 0 0 0 0 0 0 0 0 
0.25 0.10000000149011612 0.10000000149011612 0 0 0 0 0 0 0 0 
0.25 0.10000000149011612 0.125 0 0 0 0 0 0 0 0 
0.25 0.10000000149011612 0.15000000596046448 0 0 0 0 0 0 0 0 
0.25 0.10000000149011612 0.17500001192092896 0 0 0 0 0 0 0 0 
0.25 0.10000000149011612 0.20000000298023224 0 0 0 0 0 0 0 0 
0.25 0.10000000149011612 0.22500000894069672 0 0 0 0 0 0 0 0 
0.25 0.10000000149011612 0.25 0 0 0 0 0 0 0 0 
0.25 0.10000000149011612 0.27500000596046448 0 0 0 0 0 0 0 0 
0.25 0.10000000149011612 0.30000001192092896 0 0 0 0 0 0 0 0 
0.25 0.125 0.02500000037252903 0 0 0 0 0 0 0 0 
0.25 0.125 0.05000000074505806 0 0 0 0 0 0 0 0 
0.25 0.125 0.075000002980232239 0 0 0 0 0 0 0 0 
0.25 0.125 0.10000000149011612 0 0 0 0 0 0 0 0 
0.25 0.125 0.125 0 0 0 0 0 0 0 0 
0.25 0.125 0.15000000596046448 0 0 0 0 0 0 0 0 
0.25 0.125 0.17500001192092896 0 0 0 0 0 0 0 0 
0.25 0.125 0.20000000298023224 0 0 0 0 0 0 0 0 
0.25 0.125 0.22500000894069672 0 0 0 0 0 0 0 0 
0.25 0.125 0.25 0 0 0 0 0 0 0 0 
0.25 0.125 0.27500000596046448 0 0 0 0 0 0 0 0 
0.25 0.125 0.30000001192092896 0 0 0 0 0 0 0 0 
0.25 0.15000000596046448 0.05000000074505806 0 0 0 0 0 0 0 0 
0.25 0.15000000596046448 0.075000002980232239 0 0 0 0 0 0 0 0 
0.25 0.15000000596046448 0.10000000149011612 0 0 0 0 0 0 0 0 
0.25 0.15000000596046448 0.125 0 0 0 0 0 0 0 0 
0.25 0.15000000596046448 0.15000000596046448 0 0 0 0 0 0 0 0 
0.25 0.15000000596046448 0.17500001192092896 0 0 0 0 0 0 0 0 
0.25 0.15000000596046448 0.20000000298023224 0 0 0 0 0 0 0 0 
0.25 0.15000000596046448 0.22500000894069672 0 0 0 0 0 0 0 0 
0.25 0.15000000596046448 0.25 0 0 0 0 0 0 0 0 
0.25 0.15000000596046448 0.27500000596046448 0 0 0 0 0 0 0 0 
0.25 0.15000000596046448 0.30000001192092896 0 0 0 0 0 0 0 0 
0.25 0.17500001192092896 0.05000000074505806 0 0 0 0 0 0 0 0 
0.25 0.17500001192092896 0.075000002980232239 0 0 0 0 0 0 0 0 
0.25 0.17500001192092896 0.10000000149011612 0 0 0 0 0 0 0 0 
0.25 0.17500001192092896 0.125 0 0 0 0 0 0 0 0 
0.25 0.17500001192092896 0.15000000596046448 0 0 0 0 0 0 0 0 
0.25 0.17500001192092896 0.17500001192092896 0 0 0 0 0 0 0 0 
0.25 0.17500001192092896 0.20000000298023224 0 0 0 0 0 0 0 0 
0.25 0.17500001192092896 0.22500000894069672 0 0 0 0 0 0 0 0 
0.25 0.17500001192092896 0.25 0 0 0 0 0 0 0 0 
0.25 0.17500001192092896 0.27500000596046448 0 0 0 0 0 0 0 0 
0.25 0.20000000298023224 0.075000002980232239 0 0 0 0 0 0 0 0 
0.25 0.20000000298023224 0.10000000149011612 0 0 0 0 0 0 0 0 
0.25 0.20000000298023224 0.125 0 0 0 0 0 0 0 0 
0.25 0.20000000298023224 0.15000000596046448 0 0 0 0 0 0 0 0 
0.25 0.20000000298023224 0.17500001192092896 0 0 0 0 0 0 0 0 
0.25 0.20000000298023224 0.20000000298023224 0 0 0 0 0 0 0 0 
0.25 0.20000000298023224 0.22500000894069672 0 0 0 0 0 0 0 0 
0.25 0.20000000298023224 0.25 0 0 0 0 0 0 0 0 
0.25 0.20000000298023224 0.27500000596046448 0 0 0 0 0 0 0 0 
0.27500000596046448 0.012500000186264515 0.0625 0 0 0 0 0 0 0 0 
0.27500000596046448 0.012500000186264515 0.087500005960464478 0 0 0 0 0 0 0 0 
0.27500000596046448 0.012500000186264515 0.11250000447034836 0 0 0 0 0 0 0 0 
0.27500000596046448 0.012500000186264515 0.13750000298023224 0 0 0 0 0 0 0 0 
0.27500000596046448 0.012500000186264515 0.16250000894069672 0 0 0 0 0 0 0 0 
0.27500000596046448 0.012500000186264515 0.18750001490116119 0 0 0 0 0 0 0 0 
0.27500000596046448 0.012500000186264515 0.21250000596046448 0 0 0 0 0 0 0 0 
0.27500000596046448 0.012500000186264515 0.23750001192092896 0 0 0 0 0 0 0 0 
0.27500000596046448 0.012500000186264515 0.26250001788139343 0 0 0 0 0 0 0 0 
0.27500000596046448 0.037500001490116119 0.037500001490116119 0 0 0 0 0 0 0 0 
0.27500000596046448 0.037500001490116119 0.0625 0 0 0 0 0 0 0 0 
0.27500000596046448 0.037500001490116119 0.087500005960464478 0 0 0 0 0 0 0 0 
0.27500000596046448 0.037500001490116119 0.11250000447034836 0 0 0 0 0 0 0 0 
0.27500000596046448 0.037500001490116119 0.13750000298023224 0 0 0 0 0 0 0 0 
0.27500000596046448 0.037500001490116119 0.16250000894069672 0 0 0 0 0 0 0 0 
0.27500000596046448 0.037500001490116119 0.18750001490116119 0 0 0 0 0 0 0 0 
0.27500000596046448 0.037500001490116119 0.21250000596046448 0 0 0 0 0 0 0 0 
0.27500000596046448 0.037500001490116119 0.23750001192092896 0 0 0 0 0 0 0 0 
0.27500000596046448 0.037500001490116119 0.26250001788139343 0 0 0 0 0 0 0 0 
0.27500000596046448 0.037500001490116119 0.28750002384185791 0 0 0 0 0 0 0 0 
0.27500000596046448 0.0625 0.037500001490116119 0 0 0 0 0 0 0 0 
0.27500000596046448 0.0625 0.0625 0 0 0 0 0 0 0 0 
0.27500000596046448 0.0625 0.087500005960464478 0 0 0 0 0 0 0 0 
0.27500000596046448 0.0625 0.11250000447034836 0 0 0 0 0 0 0 0 
0.27500000596046448 0.0625 0.13750000298023224 0 0 0 0 0 0 0 0 
0.27500000596046448 0.0625 0.16250000894069672 0 0 0 0 0 0 0 0 
0.27500000596046448 0.0625 0.18750001490116119 0 0 0 0 0 0 0 0 
0.27500000596046448 0.0625 0.21250000596046448 0 0 0 0 0 0 0 0 
0.27500000596046448 0.0625 0.23750001192092896 0 0 0 0 0 0 0 0 
0.27500000596046448 0.0625 0.26250001788139343 0 0 0 0 0 0 0 0 
0.27500000596046448 0.0625 0.28750002384185791 0 0 0 0 0 0 0 0 
0.27500000596046448 0.0625 0.3125 0 0 0 0 0 0 0 0 
0.27500000596046448 0.087500005960464478 0.037500001490116119 0 0 0 0 0 0 0 0 
0.27500000596046448 0.087500005960464478 0.0625 0 0 0 0 0 0 0 0 
0.27500000596046448 0.087500005960464478 0.087500005960464478 0 0 0 0 0 0 0 0 
0.27500000596046448 0.087500005960464478 0.11250000447034836 0 0 0 0 0 0 0 0 
0.27500000596046448 0.087500005960464478 0.13750000298023224 0 0 0 0 0 0 0 0 
0.27500000596046448 0.087500005960464478 0.16250000894069672 0 0 0 0 0 0 0 0 
0.27500000596046448 0.087500005960464478 0.18750001490116119 0 0 0 0 0 0 0 0 
0.27500000596046448 0.087500005960464478 0.21250000596046448 0 0 0 0 0 0 0 0 
0.27500000596046448 0.087500005960464478 0.23750001192092896 0 0 0 0 0 0 0 0 
0.27500000596046448 0.087500005960464478 0.26250001788139343 0 0 0 0 0 0 0 0 
0.27500000596046448 0.087500005960464478 0.28750002384185791 0 0 0 0 0 0 0 0 
0.27500000596046448 0.087500005960464478 0.3125 0 0 0 0 0 0 0 0 
0.27500000596046448 0.11250000447034836 0.037500001490116119 0 0 0 0 0 0 0 0 
0.27500000596046448 0.11250000447034836 0.0625 0 0 0 0 0 0 0 0 
0.27500000596046448 0.11250000447034836 0.087500005960464478 0 0 0 0 0 0 0 0 
0.27500000596046448 0.11250000447034836 0.11250000447034836 0 0 0 0 0 0 0 0 
0.27500000596046448 0.11250000447034836 0.13750000298023224 0 0 0 0 0 0 0 0 
0.27500000596046448 0.11250000447034836 0.16250000894069672 0 0 0 0 0 0 0 0 
0.27500000596046448 0.11250000447034836 0.18750001490116119 0 0 0 0 0 0 0 0 
0.27500000596046448 0.11250000447034836 0.21250000596046448 0 0 0 0 0 0 0 0 
0.27500000596046448 0.11250000447034836 0.23750001192092896 0 0 0 0 0 0 0 0 
0.27500000596046448 0.11250000447034836 0.26250001788139343 0 0 0 0 0 0 0 0 
0.27500000596046448 0.11250000447034836 0.28750002384185791 0 0 0 0 0 0 0 0 
0.27500000596046448 0.13750000298023224 0.037500001490116119 0 0 0 0 0 0 0 0 
0.27500000596046448 0.13750000298023224 0.0625 0 0 0 0 0 0 0 0 
0.27500000596046448 0.13750000298023224 0.087500005960464478 0 0 0 0 0 0 0 0 
0.27500000596046448 0.13750000298023224 0.11250000447034836 0 0 0 0 0 0 0 0 
0.27500000596046448 0.13750000298023224 0.13750000298023224 0 0 0 0 0 0 0 0 
0.27500000596046448 0.13750000298023224 0.16250000894069672 0 0 0 0 0 0 0 0 
0.27500000596046448 0.13750000298023224 0.18750001490116119 0 0 0 0 0 0 0 0 
0.27500000596046448 0.13750000298023224 0.21250000596046448 0 0 0 0 0 0 0 0 
0.27500000596046448 0.13750000298023224 0.23750001192092896 0 0 0 0 0 0 0 0 
0.27500000596046448 0.13750000298023224 0.26250001788139343 0 0 0 0 0 0 0 0 
0.27500000596046448 0.13750000298023224 0.28750002384185791 0 0 0 0 0 0 0 0 
0.27500000596046448 0.16250000894069672 0.037500001490116119 0 0 0 0 0 0 0 0 
0.27500000596046448 0.16250000894069672 0.0625 0 0 0 0 0 0 0 0 
0.27500000596046448 0.16250000894069672 0.087500005960464478 0 0 0 0 0 0 0 0 
0.27500000596046448 0.16250000894069672 0.11250000447034836 0 0 0 0 0 0 0 0 
0.27500000596046448 0.16250000894069672 0.13750000298023224 0 0 0 0 0 0 0 0 
0.27500000596046448 0.16250000894069672 0.16250000894069672 0 0 0 0 0 0 0 0 
0.27500000596046448 0.16250000894069672 0.18750001490116119 0 0 0 0 0 0 0 0 
0.27500000596046448 0.16250000894069672 0.21250000596046448 0 0 0 0 0 0 0 0 
0.27500000596046448 0.16250000894069672 0.23750001192092896 0 0 0 0 0 0 0 0 
0.27500000596046448 0.16250000894069672 0.26250001788139343 0 0 0 0 0 0 0 0 
0.27500000596046448 0.16250000894069672 0.28750002384185791 0 0 0 0 0 0 0 0 
0.27500000596046448 0.18750001490116119 0.0625 0 0 0 0 0 0 0 0 
0.27500000596046448 0.18750001490116119 0.087500005960464478 0 0 0 0 0 0 0 0 
0.27500000596046448 0.18750001490116119 0.11250000447034836 0 0 0 0 0 0 0 0 
0.27500000596046448 0.18750001490116119 0.13750000298023224 0 0 0 0 0 0 0 0 
0.27500000596046448 0.18750001490116119 0.16250000894069672 0 0 0 0 0 0 0 0 
0.27500000596046448 0.18750001490116119 0.18750001490116119 0 0 0 0 0 0 0 0 
0.27500000596046448 0.18750001490116119 0.21250000596046448 0 0 0 0 0 0 0 0 
0.27500000596046448 0.18750001490116119 0.23750001192092896 0 0 0 0 0 0 0 0 
0.27500000596046448 0.18750001490116119 0.26250001788139343 0 0 0 0 0 0 0 0 
0.30000001192092896 0.02500000037252903 0.075000002980232239 0 0 0 0 0 0 0 0 
0.30000001192092896 0.02500000037252903 0.10000000149011612 0 0 0 0 0 0 0 0 
0.30000001192092896 0.02500000037252903 0.125 0 0 0 0 0 0 0 0 
0.30000001192092896 0.02500000037252903 0.15000000596046448 0 0 0 0 0 0 0 0 
0.30000001192092896 0.02500000037252903 0.17500001192092896 0 0 0 0 0 0 0 0 
0.30000001192092896 0.02500000037252903 0.20000000298023224 0 0 0 0 0 0 0 0 
0.30000001192092896 0.02500000037252903 0.22500000894069672 0 0 0 0 0 0 0 0 
0.30000001192092896 0.02500000037252903 0.25 0 0 0 0 0 0 0 0 
0.30000001192092896 0.05000000074505806 0.05000000074505806 0 0 0 0 0 0 0 0 
0.30000001192092896 0.05000000074505806 0.075000002980232239 0 0 0 0 0 0 0 0 
0.30000001192092896 0.05000000074505806 0.10000000149011612 0 0 0 0 0 0 0 0 
0.30000001192092896 0.05000000074505806 0.125 0 0 0 0 0 0 0 0 
0.30000001192092896 0.05000000074505806 0.15000000596046448 0 0 0 0 0 0 0 0 
0.30000001192092896 0.05000000074505806 0.17500001192092896 0 0 0 0 0 0 0 0 
0.30000001192092896 0.05000000074505806 0.20000000298023224 0 0 0 0 0 0 0 0 
0.30000001192092896 0.05000000074505806 0.22500000894069672 0 0 0 0 0 0 0 0 
0.30000001192092896 0.05000000074505806 0.25 0 0 0 0 0 0 0 0 
0.30000001192092896 0.05000000074505806 0.27500000596046448 0 0 0 0 0 0 0 0 
0.30000001192092896 0.075000002980232239 0.02500000037252903 0 0 0 0 0 0 0 0 
0.30000001192092896 0.075000002980232239 0.05000000074505806 0 0 0 0 0 0 0 0 
0.30000001192092896 0.075000002980232239 0.075000002980232239 0 0 0 0 0 0 0 0 
0.30000001192092896 0.075000002980232239 0.10000000149011612 0 0 0 0 0 0 0 0 
0.30000001192092896 0.075000002980232239 0.125 0 0 0 0 0 0 0 0 
0.30000001192092896 0.075000002980232239 0.15000000596046448 0 0 0 0 0 0 0 0 
0.30000001192092896 0.075000002980232239 0.17500001192092896 0 0 0 0 0 0 0 0 
0.30000001192092896 0.075000002980232239 0.20000000298023224 0 0 0 0 0 0 0 0 
0.30000001192092896 0.075000002980232239 0.22500000894069672 0 0 0 0 0 0 0 0 
0.30000001192092896 0.075000002980232239 0.25 0 0 0 0 0 0 0 0 
0.30000001192092896 0.075000002980232239 0.27500000596046448 0 0 0 0 0 0 0 0 
0.30000001192092896 0.075000002980232239 0.30000001192092896 0 0 0 0 0 0 0 0 
0.30000001192092896 0.10000000149011612 0.05000000074505806 0 0 0 0 0 0 0 0 
0.30000001192092896 0.10000000149011612 0.075000002980232239 0 0 0 0 0 0 0 0 
0.30000001192092896 0.10000000149011612 0.10000000149011612 0 0 0 0 0 0 0 0 
0.30000001192092896 0.10000000149011612 0.125 0 0 0 0 0 0 0 0 
0.30000001192092896 0.10000000149011612 0.15000000596046448 0 0 0 0 0 0 0 0 
0.30000001192092896 0.10000000149011612 0.17500001192092896 0 0 0 0 0 0 0 0 
0.30000001192092896 0.10000000149011612 0.20000000298023224 0 0 0 0 0 0 0 0 
0.30000001192092896 0.10000000149011612 0.22500000894069672 0 0 0 0 0 0 0 0 
0.30000001192092896 0.10000000149011612 0.25 0 0 0 0 0 0 0 0 
0.30000001192092896 0.10000000149011612 0.27500000596046448 0 0 0 0 0 0 0 0 
0.30000001192092896 0.125 0.05000000074505806 0 0 0 0 0 0 0 0 
0.30000001192092896 0.125 0.075000002980232239 0 0 0 0 0 0 0 0 
0.30000001192092896 0.125 0.10000000149011612 0 0 0 0 0 0 0 0 
0.30000001192092896 0.125 0.125 0 0 0 0 0 0 0 0 
0.30000001192092896 0.125 0.15000000596046448 0 0 0 0 0 0 0 0 
0.30000001192092896 0.125 0.17500001192092896 0 0 0 0 0 0 0 0 
0.30000001192092896 0.125 0.20000000298023224 0 0 0 0 0 0 0 0 
0.30000001192092896 0.125 0.22500000894069672 0 0 0 0 0 0 0 0 
0.30000001192092896 0.125 0.25 0 0 0 0 0 0 0 0 
0.30000001192092896 0.125 0.27500000596046448 0 0 0 0 0 0 0 0 
0.30000001192092896 0.15000000596046448 0.05000000074505806 0 0 0 0 0 0 0 0 
0.30000001192092896 0.15000000596046448 0.075000002980232239 0 0 0 0 0 0 0 0 
0.30000001192092896 0.15000000596046448 0.10000000149011612 0 0 0 0 0 0 0 0 
0.30000001192092896 0.15000000596046448 0.125 0 0 0 0 0 0 0 0 
0.30000001192092896 0.15000000596046448 0.15000000596046448 0 0 0 0 0 0 0 0 
0.30000001192092896 0.15000000596046448 0.17500001192092896 0 0 0 0 0 0 0 0 
0.30000001192092896 0.15000000596046448 0.20000000298023224 0 0 0 0 0 0 0 0 
0.30000001192092896 0.15000000596046448 0.22500000894069672 0 0 0 0 0 0 0 0 
0.30000001192092896 0.15000000596046448 0.25 0 0 0 0 0 0 0 0 
0.30000001192092896 0.15000000596046448 0.27500000596046448 0 0 0 0 0 0 0 0 
0.30000001192092896 0.17500001192092896 0.075000002980232239 0 0 0 0 0 0 0 0 
0.30000001192092896 0.17500001192092896 0.10000000149011612 0 0 0 0 0 0 0 0 
0.30000001192092896 0.17500001192092896 0.125 0 0 0 0 0 0 0 0 
0.30000001192092896 0.17500001192092896 0.15000000596046448 0 0 0 0 0 0 0 0 
0.30000001192092896 0.17500001192092896 0.17500001192092896 0 0 0 0 0 0 0 0 
0.30000001192092896 0.17500001192092896 0.20000000298023224 0 0 0 0 0 0 0 0 
0.30000001192092896 0.17500001192092896 0.22500000894069672 0 0 0 0 0 0 0 0 
0.30000001192092896 0.17500001192092896 0.25 0 0 0 0 0 0 0 0 
0.30000001192092896 0.20000000298023224 0.125 0 0 0 0 0 0 0 0 
0.30000001192092896 0.20000000298023224 0.15000000596046448 0 0 0 0 0 0 0 0 
0.30000001192092896 0.20000000298023224 0.17500001192092896 0 0 0 0 0 0 0 0 
0.30000001192092896 0.20000000298023224 0.20000000298023224 0 0 0 0 0 0 0 0 
0.30000001192092896 0.20000000298023224 0.25 0 0 0 0 0 0 0 0 
0.32500001788139343 0.012500000186264515 0.11250000447034836 0 0 0 0 0 0 0 0 
0.32500001788139343 0.012500000186264515 0.13750000298023224 0 0 0 0 0 0 0 0 
0.32500001788139343 0.012500000186264515 0.16250000894069672 0 0 0 0 0 0 0 0 
0.32500001788139343 0.012500000186264515 0.18750001490116119 0 0 0 0 0 0 0 0 
0.32500001788139343 0.012500000186264515 0.21250000596046448 0 0 0 0 0 0 0 0 
0.32500001788139343 0.037500001490116119 0.0625 0 0 0 0 0 0 0 0 
0.32500001788139343 0.037500001490116119 0.087500005960464478 0 0 0 0 0 0 0 0 
0.32500001788139343 0.037500001490116119 0.11250000447034836 0 0 0 0 0 0 0 0 
0.32500001788139343 0.037500001490116119 0.13750000298023224 0 0 0 0 0 0 0 0 
0.32500001788139343 0.037500001490116119 0.16250000894069672 0 0 0 0 0 0 0 0 
0.32500001788139343 0.037500001490116119 0.18750001490116119 0 0 0 0 0 0 0 0 
0.32500001788139343 0.037500001490116119 0.21250000596046448 0 0 0 0 0 0 0 0 
0.32500001788139343 0.037500001490116119 0.23750001192092896 0 0 0 0 0 0 0 0 
0.32500001788139343 0.037500001490116119 0.26250001788139343 0 0 0 0 0 0 0 0 
0.32500001788139343 0.0625 0.0625 0 0 0 0 0 0 0 0 
0.32500001788139343 0.0625 0.087500005960464478 0 0 0 0 0 0 0 0 
0.32500001788139343 0.0625 0.11250000447034836 0 0 0 0 0 0 0 0 
0.32500001788139343 0.0625 0.13750000298023224 0 0 0 0 0 0 0 0 
0.32500001788139343 0.0625 0.16250000894069672 0 0 0 0 0 0 0 0 
0.32500001788139343 0.0625 0.18750001490116119 0 0 0 0 0 0 0 0 
0.32500001788139343 0.0625 0.21250000596046448 0 0 0 0 0 0 0 0 
0.32500001788139343 0.0625 0.23750001192092896 0 0 0 0 0 0 0 0 
0.32500001788139343 0.0625 0.26250001788139343 0 0 0 0 0 0 0 0 
0.32500001788139343 0.087500005960464478 0.0625 0 0 0 0 0 0 0 0 
0.32500001788139343 0.087500005960464478 0.087500005960464478 0 0 0 0 0 0 0 0 
0.32500001788139343 0.087500005960464478 0.11250000447034836 0 0 0 0 0 0 0 0 
0.32500001788139343 0.087500005960464478 0.13750000298023224 0 0 0 0 0 0 0 0 
0.32500001788139343 0.087500005960464478 0.16250000894069672 0 0 0 0 0 0 0 0 
0.32500001788139343 0.087500005960464478 0.18750001490116119 0 0 0 0 0 0 0 0 
0.32500001788139343 0.087500005960464478 0.21250000596046448 0 0 0 0 0 0 0 0 
0.32500001788139343 0.087500005960464478 0.23750001192092896 0 0 0 0 0 0 0 0 
0.32500001788139343 0.087500005960464478 0.26250001788139343 0 0 0 0 0 0 0 0 
0.32500001788139343 0.11250000447034836 0.0625 0 0 0 0 0 0 0 0 
0.32500001788139343 0.11250000447034836 0.087500005960464478 0 0 0 0 0 0 0 0 
0.32500001788139343 0.11250000447034836 0.11250000447034836 0 0 0 0 0 0 0 0 
0.32500001788139343 0.11250000447034836 0.13750000298023224 0 0 0 0 0 0 0 0 
0.32500001788139343 0.11250000447034836 0.16250000894069672 0 0 0 0 0 0 0 0 
0.32500001788139343 0.11250000447034836 0.18750001490116119 0 0 0 0 0 0 0 0 
0.32500001788139343 0.11250000447034836 0.21250000596046448 0 0 0 0 0 0 0 0 
0.32500001788139343 0.11250000447034836 0.23750001192092896 0 0 0 0 0 0 0 0 
0.32500001788139343 0.11250000447034836 0.26250001788139343 0 0 0 0 0 0 0 0 
0.32500001788139343 0.13750000298023224 0.0625 0 0 0 0 0 0 0 0 
0.32500001788139343 0.13750000298023224 0.087500005960464478 0 0 0 0 0 0 0 0 
0.32500001788139343 0.13750000298023224 0.11250000447034836 0 0 0 0 0 0 0 0 
0.32500001788139343 0.13750000298023224 0.13750000298023224 0 0 0 0 0 0 0 0 
0.32500001788139343 0.13750000298023224 0.16250000894069672 0 0 0 0 0 0 0 0 
0.32500001788139343 0.13750000298023224 0.18750001490116119 0 0 0 0 0 0 0 0 
0.32500001788139343 0.13750000298023224 0.21250000596046448 0 0 0 0 0 0 0 0 
0.32500001788139343 0.13750000298023224 0.23750001192092896 0 0 0 0 0 0 0 0 
0.32500001788139343 0.13750000298023224 0.26250001788139343 0 0 0 0 0 0 0 0 
0.32500001788139343 0.16250000894069672 0.087500005960464478 0 0 0 0 0 0 0 0 
0.32500001788139343 0.16250000894069672 0.11250000447034836 0 0 0 0 0 0 0 0 
0.32500001788139343 0.16250000894069672 0.13750000298023224 0 0 0 0 0 0 0 0 
0.32500001788139343 0.16250000894069672 0.16250000894069672 0 0 0 0 0 0 0 0 
0.32500001788139343 0.16250000894069672 0.18750001490116119 0 0 0 0 0 0 0 0 
0.32500001788139343 0.16250000894069672 0.21250000596046448 0 0 0 0 0 0 0 0 
0.32500001788139343 0.16250000894069672 0.23750001192092896 0 0 0 0 0 0 0 0 
0.32500001788139343 0.18750001490116119 0.11250000447034836 0 0 0 0 0 0 0 0 
0.32500001788139343 0.18750001490116119 0.13750000298023224 0 0 0 0 0 0 0 0 
0.32500001788139343 0.18750001490116119 0.16250000894069672 0 0 0 0 0 0 0 0 
0.32500001788139343 0.18750001490116119 0.18750001490116119 0 0 0 0 0 0 0 0 
0.32500001788139343 0.18750001490116119 0.21250000596046448 0 0 0 0 0 0 0 0 
0.35000002384185791 0.02500000037252903 0.15000000596046448 0 0 0 0 0 0 0 0 
0.35000002384185791 0.02500000037252903 0.17500001192092896 0 0 0 0 0 0 0 0 
0.35000002384185791 0.05000000074505806 0.10000000149011612 0 0 0 0 0 0 0 0 
0.35000002384185791 0.05000000074505806 0.125 0 0 0 0 0 0 0 0 
0.35000002384185791 0.05000000074505806 0.15000000596046448 0 0 0 0 0 0 0 0 
0.35000002384185791 0.05000000074505806 0.17500001192092896 0 0 0 0 0 0 0 0 
0.35000002384185791 0.05000000074505806 0.20000000298023224 0 0 0 0 0 0 0 0 
0.35000002384185791 0.05000000074505806 0.22500000894069672 0 0 0 0 0 0 0 0 
0.35000002384185791 0.075000002980232239 0.075000002980232239 0 0 0 0 0 0 0 0 
0.35000002384185791 0.075000002980232239 0.10000000149011612 0 0 0 0 0 0 0 0 
0.35000002384185791 0.075000002980232239 0.125 0 0 0 0 0 0 0 0 
0.35000002384185791 0.075000002980232239 0.15000000596046448 0 0 0 0 0 0 0 0 
0.35000002384185791 0.075000002980232239 0.17500001192092896 0 0 0 0 0 0 0 0 
0.35000002384185791 0.075000002980232239 0.20000000298023224 0 0 0 0 0 0 0 0 
0.35000002384185791 0.075000002980232239 0.22500000894069672 0 0 0 0 0 0 0 0 
0.35000002384185791 0.075000002980232239 0.25 0 0 0 0 0 0 0 0 
0.35000002384185791 0.10000000149011612 0.075000002980232239 0 0 0 0 0 0 0 0 
0.35000002384185791 0.10000000149011612 0.10000000149011612 0 0 0 0 0 0 0 0 
0.35000002384185791 0.10000000149011612 0.125 0 0 0 0 0 0 0 0 
0.35000002384185791 0.10000000149011612 0.15000000596046448 0 0 0 0 0 0 0 0 
0.35000002384185791 0.10000000149011612 0.17500001192092896 0 0 0 0 0 0 0 0 
0.35000002384185791 0.10000000149011612 0.20000000298023224 0 0 0 0 0 0 0 0 
0.35000002384185791 0.10000000149011612 0.22500000894069672 0 0 0 0 0 0 0 0 
0.35000002384185791 0.10000000149011612 0.25 0 0 0 0 0 0 0 0 
0.35000002384185791 0.125 0.10000000149011612 0 0 0 0 0 0 0 0 
0.35000002384185791 0.125 0.125 0 0 0 0 0 0 0 0 
0.35000002384185791 0.125 0.15000000596046448 0 0 0 0 0 0 0 0 
0.35000002384185791 0.125 0.17500001192092896 0 0 0 0 0 0 0 0 
0.35000002384185791 0.125 0.20000000298023224 0 0 0 0 0 0 0 0 
0.35000002384185791 0.125 0.22500000894069672 0 0 0 0 0 0 0 0 
0.35000002384185791 0.15000000596046448 0.125 0 0 0 0 0 0 0 0 
0.35000002384185791 0.15000000596046448 0.15000000596046448 0 0 0 0 0 0 0 0 
0.35000002384185791 0.15000000596046448 0.17500001192092896 0 0 0 0 0 0 0 0 
0.35000002384185791 0.15000000596046448 0.20000000298023224 0 0 0 0 0 0 0 0 
0.37500002980232239 0.0625 0.13750000298023224 0 0 0 0 0 0 0 0 
0.37500002980232239 0.0625 0.16250000894069672 0 0 0 0 0 0 0 0 
0.37500002980232239 0.0625 0.18750001490116119 0 0 0 0 0 0 0 0 
0.37500002980232239 0.087500005960464478 0.13750000298023224 0 0 0 0 0 0 0 0 
0.37500002980232239 0.087500005960464478 0.16250000894069672 0 0 0 0 0 0 0 0 
0.37500002980232239 0.087500005960464478 0.18750001490116119 0 0 0 0 0 0 0 0 
0.37500002980232239 0.11250000447034836 0.16250000894069672 0 0 0 0 0 0 0 0 
0.37500002980232239 0.11250000447034836 0.18750001490116119 0 0 0 0 0 0 0 0 
0.40000000596046448 0.075000002980232239 0.15000000596046448 0 0 0 0 0 0 0 0 
0.40000000596046448 0.075000002980232239 0.17500001192092896 0 0 0 0 0 0 0 0 
0.40000000596046448 0.10000000149011612 0.15000000596046448 0 0 0 0 0 0 0 0 
0.40000000596046448 0.10000000149011612 0.17500001192092896 0 0 0 0 0 0 0 0 
0.42500001192092896 0.11250000447034836 0.16250000894069672 0 0 0 0 0 0 0 0 
0.42500001192092896 0.11250000447034836 0.18750001490116119 0 0 0 0 0 0 0 0 
0.42500001192092896 0.13750000298023224 0.16250000894069672 0 0 0 0 0 0 0 0 
0.42500001192092896 0.13750000298023224 0.18750001490116119 0 0 0 0 0 0 0 0 
0.42500001192092896 0.16250000894069672 0.16250000894069672 0 0 0 0 0 0 0 0 
0.45000001788139343 0.17500001192092896 0.15000000596046448 0 0 0 0 0 0 0 0 
0.45000001788139343 0.17500001192092896 0.17500001192092896 0 0 0 0 0 0 0 0 
0.47500002384185791 0.18750001490116119 0.16250000894069672 0 0 0 0 0 0 0 0 
