729
-0.140625 -0.140625 -0.140625 
-0.140625 -0.140625 -0.109375 
-0.140625 -0.140625 -0.078125 
-0.140625 -0.140625 -0.046875 
-0.140625 -0.140625 -0.015625 
-0.140625 -0.140625 0.015625 
-0.140625 -0.140625 0.046875 
-0.140625 -0.140625 0.078125 
-0.140625 -0.140625 0.109375 
-0.140625 -0.109375 -0.140625 
-0.140625 -0.109375 -0.109375 
-0.140625 -0.109375 -0.078125 
-0.140625 -0.109375 -0.046875 
-0.140625 -0.109375 -0.015625 
-0.140625 -0.109375 0.015625 
-0.140625 -0.109375 0.046875 
-0.140625 -0.109375 0.078125 
-0.140625 -0.109375 0.109375 
-0.140625 -0.078125 -0.140625 
-0.140625 -0.078125 -0.109375 
-0.140625 -0.078125 -0.078125 
-0.140625 -0.078125 -0.046875 
-0.140625 -0.078125 -0.015625 
-0.140625 -0.078125 0.015625 
-0.140625 -0.078125 0.046875 
-0.140625 -0.078125 0.078125 
-0.140625 -0.078125 0.109375 
-0.140625 -0.046875 -0.140625 
-0.140625 -0.046875 -0.109375 
-0.140625 -0.046875 -0.078125 
-0.140625 -0.046875 -0.046875 
-0.140625 -0.046875 -0.015625 
-0.140625 -0.046875 0.015625 
-0.140625 -0.046875 0.046875 
-0.140625 -0.046875 0.078125 
-0.140625 -0.046875 0.109375 
-0.140625 -0.015625 -0.140625 
-0.140625 -0.015625 -0.109375 
-0.140625 -0.015625 -0.078125 
-0.140625 -0.015625 -0.046875 
-0.140625 -0.015625 -0.015625 
-0.140625 -0.015625 0.015625 
-0.140625 -0.015625 0.046875 
-0.140625 -0.015625 0.078125 
-0.140625 -0.015625 0.109375 
-0.140625 0.015625 -0.140625 
-0.140625 0.015625 -0.109375 
-0.140625 0.015625 -0.078125 
-0.140625 0.015625 -0.046875 
-0.140625 0.015625 -0.015625 
-0.140625 0.015625 0.015625 
-0.140625 0.015625 0.046875 
-0.140625 0.015625 0.078125 
-0.140625 0.015625 0.109375 
-0.140625 0.046875 -0.140625 
-0.140625 0.046875 -0.109375 
-0.140625 0.046875 -0.078125 
-0.140625 0.046875 -0.046875 
-0.140625 0.046875 -0.015625 
-0.140625 0.046875 0.015625 
-0.140625 0.046875 0.046875 
-0.140625 0.046875 0.078125 
-0.140625 0.046875 0.109375 
-0.140625 0.078125 -0.140625 
-0.140625 0.078125 -0.109375 
-0.140625 0.078125 -0.078125 
-0.140625 0.078125 -0.046875 
-0.140625 0.078125 -0.015625 
-0.140625 0.078125 0.015625 
-0.140625 0.078125 0.046875 
-0.140625 0.078125 0.078125 
-0.140625 0.078125 0.109375 
-0.140625 0.109375 -0.140625 
-0.140625 0.109375 -0.109375 
-0.140625 0.109375 -0.078125 
-0.140625 0.109375 -0.046875 
-0.140625 0.109375 -0.015625 
-0.140625 0.109375 0.015625 
-0.140625 0.109375 0.046875 
-0.140625 0.109375 0.078125 
-0.140625 0.109375 0.109375 
-0.109375 -0.140625 -0.140625 
-0.109375 -0.140625 -0.109375 
-0.109375 -0.140625 -0.078125 
-0.109375 -0.140625 -0.046875 
-0.109375 -0.140625 -0.015625 
-0.109375 -0.140625 0.015625 
-0.109375 -0.140625 0.046875 
-0.109375 -0.140625 0.078125 
-0.109375 -0.140625 0.109375 
-0.109375 -0.109375 -0.140625 
-0.109375 -0.109375 -0.109375 
-0.109375 -0.109375 -0.078125 
-0.109375 -0.109375 -0.046875 
-0.109375 -0.109375 -0.015625 
-0.109375 -0.109375 0.015625 
-0.109375 -0.109375 0.046875 
-0.109375 -0.109375 0.078125 
-0.109375 -0.109375 0.109375 
-0.109375 -0.078125 -0.140625 
-0.109375 -0.078125 -0.109375 
-0.109375 -0.078125 -0.078125 
-0.109375 -0.078125 -0.046875 
-0.109375 -0.078125 -0.015625 
-0.109375 -0.078125 0.015625 
-0.109375 -0.078125 0.046875 
-0.109375 -0.078125 0.078125 
-0.109375 -0.078125 0.109375 
-0.109375 -0.046875 -0.140625 
-0.109375 -0.046875 -0.109375 
-0.109375 -0.046875 -0.078125 
-0.109375 -0.046875 -0.046875 
-0.109375 -0.046875 -0.015625 
-0.109375 -0.046875 0.015625 
-0.109375 -0.046875 0.046875 
-0.109375 -0.046875 0.078125 
-0.109375 -0.046875 0.109375 
-0.109375 -0.015625 -0.140625 
-0.109375 -0.015625 -0.109375 
-0.109375 -0.015625 -0.078125 
-0.109375 -0.015625 -0.046875 
-0.109375 -0.015625 -0.015625 
-0.109375 -0.015625 0.015625 
-0.109375 -0.015625 0.046875 
-0.109375 -0.015625 0.078125 
-0.109375 -0.015625 0.109375 
-0.109375 0.015625 -0.140625 
-0.109375 0.015625 -0.109375 
-0.109375 0.015625 -0.078125 
-0.109375 0.015625 -0.046875 
-0.109375 0.015625 -0.015625 
-0.109375 0.015625 0.015625 
-0.109375 0.015625 0.046875 
-0.109375 0.015625 0.078125 
-0.109375 0.015625 0.109375 
-0.109375 0.046875 -0.140625 
-0.109375 0.046875 -0.109375 
-0.109375 0.046875 -0.078125 
-0.109375 0.046875 -0.046875 
-0.109375 0.046875 -0.015625 
-0.109375 0.046875 0.015625 
-0.109375 0.046875 0.046875 
-0.109375 0.046875 0.078125 
-0.109375 0.046875 0.109375 
-0.109375 0.078125 -0.140625 
-0.109375 0.078125 -0.109375 
-0.109375 0.078125 -0.078125 
-0.109375 0.078125 -0.046875 
-0.109375 0.078125 -0.015625 
-0.109375 0.078125 0.015625 
-0.109375 0.078125 0.046875 
-0.109375 0.078125 0.078125 
-0.109375 0.078125 0.109375 
-0.109375 0.109375 -0.140625 
-0.109375 0.109375 -0.109375 
-0.109375 0.109375 -0.078125 
-0.109375 0.109375 -0.046875 
-0.109375 0.109375 -0.015625 
-0.109375 0.109375 0.015625 
-0.109375 0.109375 0.046875 
-0.109375 0.109375 0.078125 
-0.109375 0.109375 0.109375 
-0.078125 -0.140625 -0.140625 
-0.078125 -0.140625 -0.109375 
-0.078125 -0.140625 -0.078125 
-0.078125 -0.140625 -0.046875 
-0.078125 -0.140625 -0.015625 
-0.078125 -0.140625 0.015625 
-0.078125 -0.140625 0.046875 
-0.078125 -0.140625 0.078125 
-0.078125 -0.140625 0.109375 
-0.078125 -0.109375 -0.140625 
-0.078125 -0.109375 -0.109375 
-0.078125 -0.109375 -0.078125 
-0.078125 -0.109375 -0.046875 
-0.078125 -0.109375 -0.015625 
-0.078125 -0.109375 0.015625 
-0.078125 -0.109375 0.046875 
-0.078125 -0.109375 0.078125 
-0.078125 -0.109375 0.109375 
-0.078125 -0.078125 -0.140625 
-0.078125 -0.078125 -0.109375 
-0.078125 -0.078125 -0.078125 
-0.078125 -0.078125 -0.046875 
-0.078125 -0.078125 -0.015625 
-0.078125 -0.078125 0.015625 
-0.078125 -0.078125 0.046875 
-0.078125 -0.078125 0.078125 
-0.078125 -0.078125 0.109375 
-0.078125 -0.046875 -0.140625 
-0.078125 -0.046875 -0.109375 
-0.078125 -0.046875 -0.078125 
-0.078125 -0.046875 -0.046875 
-0.078125 -0.046875 -0.015625 
-0.078125 -0.046875 0.015625 
-0.078125 -0.046875 0.046875 
-0.078125 -0.046875 0.078125 
-0.078125 -0.046875 0.109375 
-0.078125 -0.015625 -0.140625 
-0.078125 -0.015625 -0.109375 
-0.078125 -0.015625 -0.078125 
-0.078125 -0.015625 -0.046875 
-0.078125 -0.015625 -0.015625 
-0.078125 -0.015625 0.015625 
-0.078125 -0.015625 0.046875 
-0.078125 -0.015625 0.078125 
-0.078125 -0.015625 0.109375 
-0.078125 0.015625 -0.140625 
-0.078125 0.015625 -0.109375 
-0.078125 0.015625 -0.078125 
-0.078125 0.015625 -0.046875 
-0.078125 0.015625 -0.015625 
-0.078125 0.015625 0.015625 
-0.078125 0.015625 0.046875 
-0.078125 0.015625 0.078125 
-0.078125 0.015625 0.109375 
-0.078125 0.046875 -0.140625 
-0.078125 0.046875 -0.109375 
-0.078125 0.046875 -0.078125 
-0.078125 0.046875 -0.046875 
-0.078125 0.046875 -0.015625 
-0.078125 0.046875 0.015625 
-0.078125 0.046875 0.046875 
-0.078125 0.046875 0.078125 
-0.078125 0.046875 0.109375 
-0.078125 0.078125 -0.140625 
-0.078125 0.078125 -0.109375 
-0.078125 0.078125 -0.078125 
-0.078125 0.078125 -0.046875 
-0.078125 0.078125 -0.015625 
-0.078125 0.078125 0.015625 
-0.078125 0.078125 0.046875 
-0.078125 0.078125 0.078125 
-0.078125 0.078125 0.109375 
-0.078125 0.109375 -0.140625 
-0.078125 0.109375 -0.109375 
-0.078125 0.109375 -0.078125 
-0.078125 0.109375 -0.046875 
-0.078125 0.109375 -0.015625 
-0.078125 0.109375 0.015625 
-0.078125 0.109375 0.046875 
-0.078125 0.109375 0.078125 
-0.078125 0.109375 0.109375 
-0.046875 -0.140625 -0.140625 
-0.046875 -0.140625 -0.109375 
-0.046875 -0.140625 -0.078125 
-0.046875 -0.140625 -0.046875 
-0.046875 -0.140625 -0.015625 
-0.046875 -0.140625 0.015625 
-0.046875 -0.140625 0.046875 
-0.046875 -0.140625 0.078125 
-0.046875 -0.140625 0.109375 
-0.046875 -0.109375 -0.140625 
-0.046875 -0.109375 -0.109375 
-0.046875 -0.109375 -0.078125 
-0.046875 -0.109375 -0.046875 
-0.046875 -0.109375 -0.015625 
-0.046875 -0.109375 0.015625 
-0.046875 -0.109375 0.046875 
-0.046875 -0.109375 0.078125 
-0.046875 -0.109375 0.109375 
-0.046875 -0.078125 -0.140625 
-0.046875 -0.078125 -0.109375 
-0.046875 -0.078125 -0.078125 
-0.046875 -0.078125 -0.046875 
-0.046875 -0.078125 -0.015625 
-0.046875 -0.078125 0.015625 
-0.046875 -0.078125 0.046875 
-0.046875 -0.078125 0.078125 
-0.046875 -0.078125 0.109375 
-0.046875 -0.046875 -0.140625 
-0.046875 -0.046875 -0.109375 
-0.046875 -0.046875 -0.078125 
-0.046875 -0.046875 -0.046875 
-0.046875 -0.046875 -0.015625 
-0.046875 -0.046875 0.015625 
-0.046875 -0.046875 0.046875 
-0.046875 -0.046875 0.078125 
-0.046875 -0.046875 0.109375 
-0.046875 -0.015625 -0.140625 
-0.046875 -0.015625 -0.109375 
-0.046875 -0.015625 -0.078125 
-0.046875 -0.015625 -0.046875 
-0.046875 -0.015625 -0.015625 
-0.046875 -0.015625 0.015625 
-0.046875 -0.015625 0.046875 
-0.046875 -0.015625 0.078125 
-0.046875 -0.015625 0.109375 
-0.046875 0.015625 -0.140625 
-0.046875 0.015625 -0.109375 
-0.046875 0.015625 -0.078125 
-0.046875 0.015625 -0.046875 
-0.046875 0.015625 -0.015625 
-0.046875 0.015625 0.015625 
-0.046875 0.015625 0.046875 
-0.046875 0.015625 0.078125 
-0.046875 0.015625 0.109375 
-0.046875 0.046875 -0.140625 
-0.046875 0.046875 -0.109375 
-0.046875 0.046875 -0.078125 
-0.046875 0.046875 -0.046875 
-0.046875 0.046875 -0.015625 
-0.046875 0.046875 0.015625 
-0.046875 0.046875 0.046875 
-0.046875 0.046875 0.078125 
-0.046875 0.046875 0.109375 
-0.046875 0.078125 -0.140625 
-0.046875 0.078125 -0.109375 
-0.046875 0.078125 -0.078125 
-0.046875 0.078125 -0.046875 
-0.046875 0.078125 -0.015625 
-0.046875 0.078125 0.015625 
-0.046875 0.078125 0.046875 
-0.046875 0.078125 0.078125 
-0.046875 0.078125 0.109375 
-0.046875 0.109375 -0.140625 
-0.046875 0.109375 -0.109375 
-0.046875 0.109375 -0.078125 
-0.046875 0.109375 -0.046875 
-0.046875 0.109375 -0.015625 
-0.046875 0.109375 0.015625 
-0.046875 0.109375 0.046875 
-0.046875 0.109375 0.078125 
-0.046875 0.109375 0.109375 
-0.015625 -0.140625 -0.140625 
-0.015625 -0.140625 -0.109375 
-0.015625 -0.140625 -0.078125 
-0.015625 -0.140625 -0.046875 
-0.015625 -0.140625 -0.015625 
-0.015625 -0.140625 0.015625 
-0.015625 -0.140625 0.046875 
-0.015625 -0.140625 0.078125 
-0.015625 -0.140625 0.109375 
-0.015625 -0.109375 -0.140625 
-0.015625 -0.109375 -0.109375 
-0.015625 -0.109375 -0.078125 
-0.015625 -0.109375 -0.046875 
-0.015625 -0.109375 -0.015625 
-0.015625 -0.109375 0.015625 
-0.015625 -0.109375 0.046875 
-0.015625 -0.109375 0.078125 
-0.015625 -0.109375 0.109375 
-0.015625 -0.078125 -0.140625 
-0.015625 -0.078125 -0.109375 
-0.015625 -0.078125 -0.078125 
-0.015625 -0.078125 -0.046875 
-0.015625 -0.078125 -0.015625 
-0.015625 -0.078125 0.015625 
-0.015625 -0.078125 0.046875 
-0.015625 -0.078125 0.078125 
-0.015625 -0.078125 0.109375 
-0.015625 -0.046875 -0.140625 
-0.015625 -0.046875 -0.109375 
-0.015625 -0.046875 -0.078125 
-0.015625 -0.046875 -0.046875 
-0.015625 -0.046875 -0.015625 
-0.015625 -0.046875 0.015625 
-0.015625 -0.046875 0.046875 
-0.015625 -0.046875 0.078125 
-0.015625 -0.046875 0.109375 
-0.015625 -0.015625 -0.140625 
-0.015625 -0.015625 -0.109375 
-0.015625 -0.015625 -0.078125 
-0.015625 -0.015625 -0.046875 
-0.015625 -0.015625 -0.015625 
-0.015625 -0.015625 0.015625 
-0.015625 -0.015625 0.046875 
-0.015625 -0.015625 0.078125 
-0.015625 -0.015625 0.109375 
-0.015625 0.015625 -0.140625 
-0.015625 0.015625 -0.109375 
-0.015625 0.015625 -0.078125 
-0.015625 0.015625 -0.046875 
-0.015625 0.015625 -0.015625 
-0.015625 0.015625 0.015625 
-0.015625 0.015625 0.046875 
-0.015625 0.015625 0.078125 
-0.015625 0.015625 0.109375 
-0.015625 0.046875 -0.140625 
-0.015625 0.046875 -0.109375 
-0.015625 0.046875 -0.078125 
-0.015625 0.046875 -0.046875 
-0.015625 0.046875 -0.015625 
-0.015625 0.046875 0.015625 
-0.015625 0.046875 0.046875 
-0.015625 0.046875 0.078125 
-0.015625 0.046875 0.109375 
-0.015625 0.078125 -0.140625 
-0.015625 0.078125 -0.109375 
-0.015625 0.078125 -0.078125 
-0.015625 0.078125 -0.046875 
-0.015625 0.078125 -0.015625 
-0.015625 0.078125 0.015625 
-0.015625 0.078125 0.046875 
-0.015625 0.078125 0.078125 
-0.015625 0.078125 0.109375 
-0.015625 0.109375 -0.140625 
-0.015625 0.109375 -0.109375 
-0.015625 0.109375 -0.078125 
-0.015625 0.109375 -0.046875 
-0.015625 0.109375 -0.015625 
-0.015625 0.109375 0.015625 
-0.015625 0.109375 0.046875 
-0.015625 0.109375 0.078125 
-0.015625 0.109375 0.109375 
0.015625 -0.140625 -0.140625 
0.015625 -0.140625 -0.109375 
0.015625 -0.140625 -0.078125 
0.015625 -0.140625 -0.046875 
0.015625 -0.140625 -0.015625 
0.015625 -0.140625 0.015625 
0.015625 -0.140625 0.046875 
0.015625 -0.140625 0.078125 
0.015625 -0.140625 0.109375 
0.015625 -0.109375 -0.140625 
0.015625 -0.109375 -0.109375 
0.015625 -0.109375 -0.078125 
0.015625 -0.109375 -0.046875 
0.015625 -0.109375 -0.015625 
0.015625 -0.109375 0.015625 
0.015625 -0.109375 0.046875 
0.015625 -0.109375 0.078125 
0.015625 -0.109375 0.109375 
0.015625 -0.078125 -0.140625 
0.015625 -0.078125 -0.109375 
0.015625 -0.078125 -0.078125 
0.015625 -0.078125 -0.046875 
0.015625 -0.078125 -0.015625 
0.015625 -0.078125 0.015625 
0.015625 -0.078125 0.046875 
0.015625 -0.078125 0.078125 
0.015625 -0.078125 0.109375 
0.015625 -0.046875 -0.140625 
0.015625 -0.046875 -0.109375 
0.015625 -0.046875 -0.078125 
0.015625 -0.046875 -0.046875 
0.015625 -0.046875 -0.015625 
0.015625 -0.046875 0.015625 
0.015625 -0.046875 0.046875 
0.015625 -0.046875 0.078125 
0.015625 -0.046875 0.109375 
0.015625 -0.015625 -0.140625 
0.015625 -0.015625 -0.109375 
0.015625 -0.015625 -0.078125 
0.015625 -0.015625 -0.046875 
0.015625 -0.015625 -0.015625 
0.015625 -0.015625 0.015625 
0.015625 -0.015625 0.046875 
0.015625 -0.015625 0.078125 
0.015625 -0.015625 0.109375 
0.015625 0.015625 -0.140625 
0.015625 0.015625 -0.109375 
0.015625 0.015625 -0.078125 
0.015625 0.015625 -0.046875 
0.015625 0.015625 -0.015625 
0.015625 0.015625 0.015625 
0.015625 0.015625 0.046875 
0.015625 0.015625 0.078125 
0.015625 0.015625 0.109375 
0.015625 0.046875 -0.140625 
0.015625 0.046875 -0.109375 
0.015625 0.046875 -0.078125 
0.015625 0.046875 -0.046875 
0.015625 0.046875 -0.015625 
0.015625 0.046875 0.015625 
0.015625 0.046875 0.046875 
0.015625 0.046875 0.078125 
0.015625 0.046875 0.109375 
0.015625 0.078125 -0.140625 
0.015625 0.078125 -0.109375 
0.015625 0.078125 -0.078125 
0.015625 0.078125 -0.046875 
0.015625 0.078125 -0.015625 
0.015625 0.078125 0.015625 
0.015625 0.078125 0.046875 
0.015625 0.078125 0.078125 
0.015625 0.078125 0.109375 
0.015625 0.109375 -0.140625 
0.015625 0.109375 -0.109375 
0.015625 0.109375 -0.078125 
0.015625 0.109375 -0.046875 
0.015625 0.109375 -0.015625 
0.015625 0.109375 0.015625 
0.015625 0.109375 0.046875 
0.015625 0.109375 0.078125 
0.015625 0.109375 0.109375 
0.046875 -0.140625 -0.140625 
0.046875 -0.140625 -0.109375 
0.046875 -0.140625 -0.078125 
0.046875 -0.140625 -0.046875 
0.046875 -0.140625 -0.015625 
0.046875 -0.140625 0.015625 
0.046875 -0.140625 0.046875 
0.046875 -0.140625 0.078125 
0.046875 -0.140625 0.109375 
0.046875 -0.109375 -0.140625 
0.046875 -0.109375 -0.109375 
0.046875 -0.109375 -0.078125 
0.046875 -0.109375 -0.046875 
0.046875 -0.109375 -0.015625 
0.046875 -0.109375 0.015625 
0.046875 -0.109375 0.046875 
0.046875 -0.109375 0.078125 
0.046875 -0.109375 0.109375 
0.046875 -0.078125 -0.140625 
0.046875 -0.078125 -0.109375 
0.046875 -0.078125 -0.078125 
0.046875 -0.078125 -0.046875 
0.046875 -0.078125 -0.015625 
0.046875 -0.078125 0.015625 
0.046875 -0.078125 0.046875 
0.046875 -0.078125 0.078125 
0.046875 -0.078125 0.109375 
0.046875 -0.046875 -0.140625 
0.046875 -0.046875 -0.109375 
0.046875 -0.046875 -0.078125 
0.046875 -0.046875 -0.046875 
0.046875 -0.046875 -0.015625 
0.046875 -0.046875 0.015625 
0.046875 -0.046875 0.046875 
0.046875 -0.046875 0.078125 
0.046875 -0.046875 0.109375 
0.046875 -0.015625 -0.140625 
0.046875 -0.015625 -0.109375 
0.046875 -0.015625 -0.078125 
0.046875 -0.015625 -0.046875 
0.046875 -0.015625 -0.015625 
0.046875 -0.015625 0.015625 
0.046875 -0.015625 0.046875 
0.046875 -0.015625 0.078125 
0.046875 -0.015625 0.109375 
0.046875 0.015625 -0.140625 
0.046875 0.015625 -0.109375 
0.046875 0.015625 -0.078125 
0.046875 0.015625 -0.046875 
0.046875 0.015625 -0.015625 
0.046875 0.015625 0.015625 
0.046875 0.015625 0.046875 
0.046875 0.015625 0.078125 
0.046875 0.015625 0.109375 
0.046875 0.046875 -0.140625 
0.046875 0.046875 -0.109375 
0.046875 0.046875 -0.078125 
0.046875 0.046875 -0.046875 
0.046875 0.046875 -0.015625 
0.046875 0.046875 0.015625 
0.046875 0.046875 0.046875 
0.046875 0.046875 0.078125 
0.046875 0.046875 0.109375 
0.046875 0.078125 -0.140625 
0.046875 0.078125 -0.109375 
0.046875 0.078125 -0.078125 
0.046875 0.078125 -0.046875 
0.046875 0.078125 -0.015625 
0.046875 0.078125 0.015625 
0.046875 0.078125 0.046875 
0.046875 0.078125 0.078125 
0.046875 0.078125 0.109375 
0.046875 0.109375 -0.140625 
0.046875 0.109375 -0.109375 
0.046875 0.109375 -0.078125 
0.046875 0.109375 -0.046875 
0.046875 0.109375 -0.015625 
0.046875 0.109375 0.015625 
0.046875 0.109375 0.046875 
0.046875 0.109375 0.078125 
0.046875 0.109375 0.109375 
0.078125 -0.140625 -0.140625 
0.078125 -0.140625 -0.109375 
0.078125 -0.140625 -0.078125 
0.078125 -0.140625 -0.046875 
0.078125 -0.140625 -0.015625 
0.078125 -0.140625 0.015625 
0.078125 -0.140625 0.046875 
0.078125 -0.140625 0.078125 
0.078125 -0.140625 0.109375 
0.078125 -0.109375 -0.140625 
0.078125 -0.109375 -0.109375 
0.078125 -0.109375 -0.078125 
0.078125 -0.109375 -0.046875 
0.078125 -0.109375 -0.015625 
0.078125 -0.109375 0.015625 
0.078125 -0.109375 0.046875 
0.078125 -0.109375 0.078125 
0.078125 -0.109375 0.109375 
0.078125 -0.078125 -0.140625 
0.078125 -0.078125 -0.109375 
0.078125 -0.078125 -0.078125 
0.078125 -0.078125 -0.046875 
0.078125 -0.078125 -0.015625 
0.078125 -0.078125 0.015625 
0.078125 -0.078125 0.046875 
0.078125 -0.078125 0.078125 
0.078125 -0.078125 0.109375 
0.078125 -0.046875 -0.140625 
0.078125 -0.046875 -0.109375 
0.078125 -0.046875 -0.078125 
0.078125 -0.046875 -0.046875 
0.078125 -0.046875 -0.015625 
0.078125 -0.046875 0.015625 
0.078125 -0.046875 0.046875 
0.078125 -0.046875 0.078125 
0.078125 -0.046875 0.109375 
0.078125 -0.015625 -0.140625 
0.078125 -0.015625 -0.109375 
0.078125 -0.015625 -0.078125 
0.078125 -0.015625 -0.046875 
0.078125 -0.015625 -0.015625 
0.078125 -0.015625 0.015625 
0.078125 -0.015625 0.046875 
0.078125 -0.015625 0.078125 
0.078125 -0.015625 0.109375 
0.078125 0.015625 -0.140625 
0.078125 0.015625 -0.109375 
0.078125 0.015625 -0.078125 
0.078125 0.015625 -0.046875 
0.078125 0.015625 -0.015625 
0.078125 0.015625 0.015625 
0.078125 0.015625 0.046875 
0.078125 0.015625 0.078125 
0.078125 0.015625 0.109375 
0.078125 0.046875 -0.140625 
0.078125 0.046875 -0.109375 
0.078125 0.046875 -0.078125 
0.078125 0.046875 -0.046875 
0.078125 0.046875 -0.015625 
0.078125 0.046875 0.015625 
0.078125 0.046875 0.046875 
0.078125 0.046875 0.078125 
0.078125 0.046875 0.109375 
0.078125 0.078125 -0.140625 
0.078125 0.078125 -0.109375 
0.078125 0.078125 -0.078125 
0.078125 0.078125 -0.046875 
0.078125 0.078125 -0.015625 
0.078125 0.078125 0.015625 
0.078125 0.078125 0.046875 
0.078125 0.078125 0.078125 
0.078125 0.078125 0.109375 
0.078125 0.109375 -0.140625 
0.078125 0.109375 -0.109375 
0.078125 0.109375 -0.078125 
0.078125 0.109375 -0.046875 
0.078125 0.109375 -0.015625 
0.078125 0.109375 0.015625 
0.078125 0.109375 0.046875 
0.078125 0.109375 0.078125 
0.078125 0.109375 0.109375 
0.109375 -0.140625 -0.140625 
0.109375 -0.140625 -0.109375 
0.109375 -0.140625 -0.078125 
0.109375 -0.140625 -0.046875 
0.109375 -0.140625 -0.015625 
0.109375 -0.140625 0.015625 
0.109375 -0.140625 0.046875 
0.109375 -0.140625 0.078125 
0.109375 -0.140625 0.109375 
0.109375 -0.109375 -0.140625 
0.109375 -0.109375 -0.109375 
0.109375 -0.109375 -0.078125 
0.109375 -0.109375 -0.046875 
0.109375 -0.109375 -0.015625 
0.109375 -0.109375 0.015625 
0.109375 -0.109375 0.046875 
0.109375 -0.109375 0.078125 
0.109375 -0.109375 0.109375 
0.109375 -0.078125 -0.140625 
0.109375 -0.078125 -0.109375 
0.109375 -0.078125 -0.078125 
0.109375 -0.078125 -0.046875 
0.109375 -0.078125 -0.015625 
0.109375 -0.078125 0.015625 
0.109375 -0.078125 0.046875 
0.109375 -0.078125 0.078125 
0.109375 -0.078125 0.109375 
0.109375 -0.046875 -0.140625 
0.109375 -0.046875 -0.109375 
0.109375 -0.046875 -0.078125 
0.109375 -0.046875 -0.046875 
0.109375 -0.046875 -0.015625 
0.109375 -0.046875 0.015625 
0.109375 -0.046875 0.046875 
0.109375 -0.046875 0.078125 
0.109375 -0.046875 0.109375 
0.109375 -0.015625 -0.140625 
0.109375 -0.015625 -0.109375 
0.109375 -0.015625 -0.078125 
0.109375 -0.015625 -0.046875 
0.109375 -0.015625 -0.015625 
0.109375 -0.015625 0.015625 
0.109375 -0.015625 0.046875 
0.109375 -0.015625 0.078125 
0.109375 -0.015625 0.109375 
0.109375 0.015625 -0.140625 
0.109375 0.015625 -0.109375 
0.109375 0.015625 -0.078125 
0.109375 0.015625 -0.046875 
0.109375 0.015625 -0.015625 
0.109375 0.015625 0.015625 
0.109375 0.015625 0.046875 
0.109375 0.015625 0.078125 
0.109375 0.015625 0.109375 
0.109375 0.046875 -0.140625 
0.109375 0.046875 -0.109375 
0.109375 0.046875 -0.078125 
0.109375 0.046875 -0.046875 
0.109375 0.046875 -0.015625 
0.109375 0.046875 0.015625 
0.109375 0.046875 0.046875 
0.109375 0.046875 0.078125 
0.109375 0.046875 0.109375 
0.109375 0.078125 -0.140625 
0.109375 0.078125 -0.109375 
0.109375 0.078125 -0.078125 
0.109375 0.078125 -0.046875 
0.109375 0.078125 -0.015625 
0.109375 0.078125 0.015625 
0.109375 0.078125 0.046875 
0.109375 0.078125 0.078125 
0.109375 0.078125 0.109375 
0.109375 0.109375 -0.140625 
0.109375 0.109375 -0.109375 
0.109375 0.109375 -0.078125 
0.109375 0.109375 -0.046875 
0.109375 0.109375 -0.015625 
0.109375 0.109375 0.015625 
0.109375 0.109375 0.046875 
0.109375 0.109375 0.078125 
0.109375 0.109375 0.109375 
