64
-0.065625 -0.065625 -0.065625
-0.065625 -0.065625 -0.034375
-0.065625 -0.065625 -0.003125
-0.065625 -0.065625 0.028125
-0.065625 -0.034375 -0.065625
-0.065625 -0.034375 -0.034375
-0.065625 -0.034375 -0.003125
-0.065625 -0.034375 0.028125
-0.065625 -0.003125 -0.065625
-0.065625 -0.003125 -0.034375
-0.065625 -0.003125 -0.003125
-0.065625 -0.003125 0.028125
-0.065625 0.028125 -0.065625
-0.065625 0.028125 -0.034375
-0.065625 0.028125 -0.003125
-0.065625 0.028125 0.028125
-0.034375 -0.065625 -0.065625
-0.034375 -0.065625 -0.034375
-0.034375 -0.065625 -0.003125
-0.034375 -0.065625 0.028125
-0.034375 -0.034375 -0.065625
-0.034375 -0.034375 -0.034375
-0.034375 -0.034375 -0.003125
-0.034375 -0.034375 0.028125
-0.034375 -0.003125 -0.065625
-0.034375 -0.003125 -0.034375
-0.034375 -0.003125 -0.003125
-0.034375 -0.003125 0.028125
-0.034375 0.028125 -0.065625
-0.034375 0.028125 -0.034375
-0.034375 0.028125 -0.003125
-0.034375 0.028125 0.028125
-0.003125 -0.065625 -0.065625
-0.003125 -0.065625 -0.034375
-0.003125 -0.065625 -0.003125
-0.003125 -0.065625 0.028125
-0.003125 -0.034375 -0.065625
-0.003125 -0.034375 -0.034375
-0.003125 -0.034375 -0.003125
-0.003125 -0.034375 0.028125
-0.003125 -0.003125 -0.065625
-0.003125 -0.003125 -0.034375
-0.003125 -0.003125 -0.003125
-0.003125 -0.003125 0.028125
-0.003125 0.028125 -0.065625
-0.003125 0.028125 -0.034375
-0.003125 0.028125 -0.003125
-0.003125 0.028125 0.028125
0.028125 -0.065625 -0.065625
0.028125 -0.065625 -0.034375
0.028125 -0.065625 -0.003125
0.028125 -0.065625 0.028125
0.028125 -0.034375 -0.065625
0.028125 -0.034375 -0.034375
0.028125 -0.034375 -0.003125
0.028125 -0.034375 0.028125
0.028125 -0.003125 -0.065625
0.028125 -0.003125 -0.034375
0.028125 -0.003125 -0.003125
0.028125 -0.003125 0.028125
0.028125 0.028125 -0.065625
0.028125 0.028125 -0.034375
0.028125 0.028125 -0.003125
0.028125 0.028125 0.028125
