343
-0.11563 -0.11563 -0.11563
-0.11563 -0.11563 -0.084375
-0.11563 -0.11563 -0.053125
-0.11563 -0.11563 -0.021875
-0.11563 -0.11563 0.009375
-0.11563 -0.11563 0.040625
-0.11563 -0.11563 0.071875
-0.11563 -0.084375 -0.11563
-0.11563 -0.084375 -0.084375
-0.11563 -0.084375 -0.053125
-0.11563 -0.084375 -0.021875
-0.11563 -0.084375 0.009375
-0.11563 -0.084375 0.040625
-0.11563 -0.084375 0.071875
-0.11563 -0.053125 -0.11563
-0.11563 -0.053125 -0.084375
-0.11563 -0.053125 -0.053125
-0.11563 -0.053125 -0.021875
-0.11563 -0.053125 0.009375
-0.11563 -0.053125 0.040625
-0.11563 -0.053125 0.071875
-0.11563 -0.021875 -0.11563
-0.11563 -0.021875 -0.084375
-0.11563 -0.021875 -0.053125
-0.11563 -0.021875 -0.021875
-0.11563 -0.021875 0.009375
-0.11563 -0.021875 0.040625
-0.11563 -0.021875 0.071875
-0.11563 0.009375 -0.11563
-0.11563 0.009375 -0.084375
-0.11563 0.009375 -0.053125
-0.11563 0.009375 -0.021875
-0.11563 0.009375 0.009375
-0.11563 0.009375 0.040625
-0.11563 0.009375 0.071875
-0.11563 0.040625 -0.11563
-0.11563 0.040625 -0.084375
-0.11563 0.040625 -0.053125
-0.11563 0.040625 -0.021875
-0.11563 0.040625 0.009375
-0.11563 0.040625 0.040625
-0.11563 0.040625 0.071875
-0.11563 0.071875 -0.11563
-0.11563 0.071875 -0.084375
-0.11563 0.071875 -0.053125
-0.11563 0.071875 -0.021875
-0.11563 0.071875 0.009375
-0.11563 0.071875 0.040625
-0.11563 0.071875 0.071875
-0.084375 -0.11563 -0.11563
-0.084375 -0.11563 -0.084375
-0.084375 -0.11563 -0.053125
-0.084375 -0.11563 -0.021875
-0.084375 -0.11563 0.009375
-0.084375 -0.11563 0.040625
-0.084375 -0.11563 0.071875
-0.084375 -0.084375 -0.11563
-0.084375 -0.084375 -0.084375
-0.084375 -0.084375 -0.053125
-0.084375 -0.084375 -0.021875
-0.084375 -0.084375 0.009375
-0.084375 -0.084375 0.040625
-0.084375 -0.084375 0.071875
-0.084375 -0.053125 -0.11563
-0.084375 -0.053125 -0.084375
-0.084375 -0.053125 -0.053125
-0.084375 -0.053125 -0.021875
-0.084375 -0.053125 0.009375
-0.084375 -0.053125 0.040625
-0.084375 -0.053125 0.071875
-0.084375 -0.021875 -0.11563
-0.084375 -0.021875 -0.084375
-0.084375 -0.021875 -0.053125
-0.084375 -0.021875 -0.021875
-0.084375 -0.021875 0.009375
-0.084375 -0.021875 0.040625
-0.084375 -0.021875 0.071875
-0.084375 0.009375 -0.11563
-0.084375 0.009375 -0.084375
-0.084375 0.009375 -0.053125
-0.084375 0.009375 -0.021875
-0.084375 0.009375 0.009375
-0.084375 0.009375 0.040625
-0.084375 0.009375 0.071875
-0.084375 0.040625 -0.11563
-0.084375 0.040625 -0.084375
-0.084375 0.040625 -0.053125
-0.084375 0.040625 -0.021875
-0.084375 0.040625 0.009375
-0.084375 0.040625 0.040625
-0.084375 0.040625 0.071875
-0.084375 0.071875 -0.11563
-0.084375 0.071875 -0.084375
-0.084375 0.071875 -0.053125
-0.084375 0.071875 -0.021875
-0.084375 0.071875 0.009375
-0.084375 0.071875 0.040625
-0.084375 0.071875 0.071875
-0.053125 -0.11563 -0.11563
-0.053125 -0.11563 -0.084375
-0.053125 -0.11563 -0.053125
-0.053125 -0.11563 -0.021875
-0.053125 -0.11563 0.009375
-0.053125 -0.11563 0.040625
-0.053125 -0.11563 0.071875
-0.053125 -0.084375 -0.11563
-0.053125 -0.084375 -0.084375
-0.053125 -0.084375 -0.053125
-0.053125 -0.084375 -0.021875
-0.053125 -0.084375 0.009375
-0.053125 -0.084375 0.040625
-0.053125 -0.084375 0.071875
-0.053125 -0.053125 -0.11563
-0.053125 -0.053125 -0.084375
-0.053125 -0.053125 -0.053125
-0.053125 -0.053125 -0.021875
-0.053125 -0.053125 0.009375
-0.053125 -0.053125 0.040625
-0.053125 -0.053125 0.071875
-0.053125 -0.021875 -0.11563
-0.053125 -0.021875 -0.084375
-0.053125 -0.021875 -0.053125
-0.053125 -0.021875 -0.021875
-0.053125 -0.021875 0.009375
-0.053125 -0.021875 0.040625
-0.053125 -0.021875 0.071875
-0.053125 0.009375 -0.11563
-0.053125 0.009375 -0.084375
-0.053125 0.009375 -0.053125
-0.053125 0.009375 -0.021875
-0.053125 0.009375 0.009375
-0.053125 0.009375 0.040625
-0.053125 0.009375 0.071875
-0.053125 0.040625 -0.11563
-0.053125 0.040625 -0.084375
-0.053125 0.040625 -0.053125
-0.053125 0.040625 -0.021875
-0.053125 0.040625 0.009375
-0.053125 0.040625 0.040625
-0.053125 0.040625 0.071875
-0.053125 0.071875 -0.11563
-0.053125 0.071875 -0.084375
-0.053125 0.071875 -0.053125
-0.053125 0.071875 -0.021875
-0.053125 0.071875 0.009375
-0.053125 0.071875 0.040625
-0.053125 0.071875 0.071875
-0.021875 -0.11563 -0.11563
-0.021875 -0.11563 -0.084375
-0.021875 -0.11563 -0.053125
-0.021875 -0.11563 -0.021875
-0.021875 -0.11563 0.009375
-0.021875 -0.11563 0.040625
-0.021875 -0.11563 0.071875
-0.021875 -0.084375 -0.11563
-0.021875 -0.084375 -0.084375
-0.021875 -0.084375 -0.053125
-0.021875 -0.084375 -0.021875
-0.021875 -0.084375 0.009375
-0.021875 -0.084375 0.040625
-0.021875 -0.084375 0.071875
-0.021875 -0.053125 -0.11563
-0.021875 -0.053125 -0.084375
-0.021875 -0.053125 -0.053125
-0.021875 -0.053125 -0.021875
-0.021875 -0.053125 0.009375
-0.021875 -0.053125 0.040625
-0.021875 -0.053125 0.071875
-0.021875 -0.021875 -0.11563
-0.021875 -0.021875 -0.084375
-0.021875 -0.021875 -0.053125
-0.021875 -0.021875 -0.021875
-0.021875 -0.021875 0.009375
-0.021875 -0.021875 0.040625
-0.021875 -0.021875 0.071875
-0.021875 0.009375 -0.11563
-0.021875 0.009375 -0.084375
-0.021875 0.009375 -0.053125
-0.021875 0.009375 -0.021875
-0.021875 0.009375 0.009375
-0.021875 0.009375 0.040625
-0.021875 0.009375 0.071875
-0.021875 0.040625 -0.11563
-0.021875 0.040625 -0.084375
-0.021875 0.040625 -0.053125
-0.021875 0.040625 -0.021875
-0.021875 0.040625 0.009375
-0.021875 0.040625 0.040625
-0.021875 0.040625 0.071875
-0.021875 0.071875 -0.11563
-0.021875 0.071875 -0.084375
-0.021875 0.071875 -0.053125
-0.021875 0.071875 -0.021875
-0.021875 0.071875 0.009375
-0.021875 0.071875 0.040625
-0.021875 0.071875 0.071875
0.009375 -0.11563 -0.11563
0.009375 -0.11563 -0.084375
0.009375 -0.11563 -0.053125
0.009375 -0.11563 -0.021875
0.009375 -0.11563 0.009375
0.009375 -0.11563 0.040625
0.009375 -0.11563 0.071875
0.009375 -0.084375 -0.11563
0.009375 -0.084375 -0.084375
0.009375 -0.084375 -0.053125
0.009375 -0.084375 -0.021875
0.009375 -0.084375 0.009375
0.009375 -0.084375 0.040625
0.009375 -0.084375 0.071875
0.009375 -0.053125 -0.11563
0.009375 -0.053125 -0.084375
0.009375 -0.053125 -0.053125
0.009375 -0.053125 -0.021875
0.009375 -0.053125 0.009375
0.009375 -0.053125 0.040625
0.009375 -0.053125 0.071875
0.009375 -0.021875 -0.11563
0.009375 -0.021875 -0.084375
0.009375 -0.021875 -0.053125
0.009375 -0.021875 -0.021875
0.009375 -0.021875 0.009375
0.009375 -0.021875 0.040625
0.009375 -0.021875 0.071875
0.009375 0.009375 -0.11563
0.009375 0.009375 -0.084375
0.009375 0.009375 -0.053125
0.009375 0.009375 -0.021875
0.009375 0.009375 0.009375
0.009375 0.009375 0.040625
0.009375 0.009375 0.071875
0.009375 0.040625 -0.11563
0.009375 0.040625 -0.084375
0.009375 0.040625 -0.053125
0.009375 0.040625 -0.021875
0.009375 0.040625 0.009375
0.009375 0.040625 0.040625
0.009375 0.040625 0.071875
0.009375 0.071875 -0.11563
0.009375 0.071875 -0.084375
0.009375 0.071875 -0.053125
0.009375 0.071875 -0.021875
0.009375 0.071875 0.009375
0.009375 0.071875 0.040625
0.009375 0.071875 0.071875
0.040625 -0.11563 -0.11563
0.040625 -0.11563 -0.084375
0.040625 -0.11563 -0.053125
0.040625 -0.11563 -0.021875
0.040625 -0.11563 0.009375
0.040625 -0.11563 0.040625
0.040625 -0.11563 0.071875
0.040625 -0.084375 -0.11563
0.040625 -0.084375 -0.084375
0.040625 -0.084375 -0.053125
0.040625 -0.084375 -0.021875
0.040625 -0.084375 0.009375
0.040625 -0.084375 0.040625
0.040625 -0.084375 0.071875
0.040625 -0.053125 -0.11563
0.040625 -0.053125 -0.084375
0.040625 -0.053125 -0.053125
0.040625 -0.053125 -0.021875
0.040625 -0.053125 0.009375
0.040625 -0.053125 0.040625
0.040625 -0.053125 0.071875
0.040625 -0.021875 -0.11563
0.040625 -0.021875 -0.084375
0.040625 -0.021875 -0.053125
0.040625 -0.021875 -0.021875
0.040625 -0.021875 0.009375
0.040625 -0.021875 0.040625
0.040625 -0.021875 0.071875
0.040625 0.009375 -0.11563
0.040625 0.009375 -0.084375
0.040625 0.009375 -0.053125
0.040625 0.009375 -0.021875
0.040625 0.009375 0.009375
0.040625 0.009375 0.040625
0.040625 0.009375 0.071875
0.040625 0.040625 -0.11563
0.040625 0.040625 -0.084375
0.040625 0.040625 -0.053125
0.040625 0.040625 -0.021875
0.040625 0.040625 0.009375
0.040625 0.040625 0.040625
0.040625 0.040625 0.071875
0.040625 0.071875 -0.11563
0.040625 0.071875 -0.084375
0.040625 0.071875 -0.053125
0.040625 0.071875 -0.021875
0.040625 0.071875 0.009375
0.040625 0.071875 0.040625
0.040625 0.071875 0.071875
0.071875 -0.11563 -0.11563
0.071875 -0.11563 -0.084375
0.071875 -0.11563 -0.053125
0.071875 -0.11563 -0.021875
0.071875 -0.11563 0.009375
0.071875 -0.11563 0.040625
0.071875 -0.11563 0.071875
0.071875 -0.084375 -0.11563
0.071875 -0.084375 -0.084375
0.071875 -0.084375 -0.053125
0.071875 -0.084375 -0.021875
0.071875 -0.084375 0.009375
0.071875 -0.084375 0.040625
0.071875 -0.084375 0.071875
0.071875 -0.053125 -0.11563
0.071875 -0.053125 -0.084375
0.071875 -0.053125 -0.053125
0.071875 -0.053125 -0.021875
0.071875 -0.053125 0.009375
0.071875 -0.053125 0.040625
0.071875 -0.053125 0.071875
0.071875 -0.021875 -0.11563
0.071875 -0.021875 -0.084375
0.071875 -0.021875 -0.053125
0.071875 -0.021875 -0.021875
0.071875 -0.021875 0.009375
0.071875 -0.021875 0.040625
0.071875 -0.021875 0.071875
0.071875 0.009375 -0.11563
0.071875 0.009375 -0.084375
0.071875 0.009375 -0.053125
0.071875 0.009375 -0.021875
0.071875 0.009375 0.009375
0.071875 0.009375 0.040625
0.071875 0.009375 0.071875
0.071875 0.040625 -0.11563
0.071875 0.040625 -0.084375
0.071875 0.040625 -0.053125
0.071875 0.040625 -0.021875
0.071875 0.040625 0.009375
0.071875 0.040625 0.040625
0.071875 0.040625 0.071875
0.071875 0.071875 -0.11563
0.071875 0.071875 -0.084375
0.071875 0.071875 -0.053125
0.071875 0.071875 -0.021875
0.071875 0.071875 0.009375
0.071875 0.071875 0.040625
0.071875 0.071875 0.071875
