47
0.024999998509883881 0.037500001490116119 0.0625 0 0 0 0 0 0 0 0 
0.024999998509883881 0.087499998509883881 0.0625 0 0 0 0 0 0 0 0 
0.024999998509883881 0.087499998509883881 0.087499998509883881 0 0 0 0 0 0 0 0 
0.024999998509883881 0.11249999701976776 0.0625 0 0 0 0 0 0 0 0 
0.024999998509883881 0.11249999701976776 0.087499998509883881 0 0 0 0 0 0 0 0 
0.024999998509883881 0.13750000298023224 0.0625 0 0 0 0 0 0 0 0 
0.024999998509883881 0.13750000298023224 0.087499998509883881 0 0 0 0 0 0 0 0 
0.024999998509883881 0.16250000894069672 0.037500001490116119 0 0 0 0 0 0 0 0 
0.049999997019767761 0.05000000074505806 0.075000002980232239 0 0 0 0 0 0 0 0 
0.049999997019767761 0.05000000074505806 0.10000000149011612 0 0 0 0 0 0 0 0 
0.049999997019767761 0.075000002980232239 0.049999997019767761 0 0 0 0 0 0 0 0 
0.049999997019767761 0.075000002980232239 0.075000002980232239 0 0 0 0 0 0 0 0 
0.049999997019767761 0.075000002980232239 0.10000000149011612 0 0 0 0 0 0 0 0 
0.049999997019767761 0.10000000149011612 0.049999997019767761 0 0 0 0 0 0 0 0 
0.049999997019767761 0.10000000149011612 0.075000002980232239 0 0 0 0 0 0 0 0 
0.049999997019767761 0.10000000149011612 0.10000000149011612 0 0 0 0 0 0 0 0 
0.049999997019767761 0.125 0.075000002980232239 0 0 0 0 0 0 0 0 
0.074999995529651642 0.037500001490116119 0.037500001490116119 0 0 0 0 0 0 0 0 
0.074999995529651642 0.037500001490116119 0.087499998509883881 0 0 0 0 0 0 0 0 
0.074999995529651642 0.037500001490116119 0.11249999701976776 0 0 0 0 0 0 0 0 
0.074999995529651642 0.0625 0.037500001490116119 0 0 0 0 0 0 0 0 
0.074999995529651642 0.0625 0.0625 0 0 0 0 0 0 0 0 
0.074999995529651642 0.0625 0.087499998509883881 0 0 0 0 0 0 0 0 
0.074999995529651642 0.087499998509883881 0.037500001490116119 0 0 0 0 0 0 0 0 
0.074999995529651642 0.087499998509883881 0.0625 0 0 0 0 0 0 0 0 
0.074999995529651642 0.087499998509883881 0.087499998509883881 0 0 0 0 0 0 0 0 
0.074999995529651642 0.087499998509883881 0.11249999701976776 0 0 0 0 0 0 0 0 
0.074999995529651642 0.11249999701976776 0.0625 0 0 0 0 0 0 0 0 
0.074999995529651642 0.11249999701976776 0.087499998509883881 0 0 0 0 0 0 0 0 
0.099999994039535522 0.05000000074505806 0.049999997019767761 0 0 0 0 0 0 0 0 
0.099999994039535522 0.05000000074505806 0.075000002980232239 0 0 0 0 0 0 0 0 
0.099999994039535522 0.05000000074505806 0.10000000149011612 0 0 0 0 0 0 0 0 
0.099999994039535522 0.075000002980232239 0.049999997019767761 0 0 0 0 0 0 0 0 
0.099999994039535522 0.075000002980232239 0.075000002980232239 0 0 0 0 0 0 0 0 
0.099999994039535522 0.075000002980232239 0.10000000149011612 0 0 0 0 0 0 0 0 
0.099999994039535522 0.10000000149011612 0.049999997019767761 0 0 0 0 0 0 0 0 
0.099999994039535522 0.10000000149011612 0.075000002980232239 0 0 0 0 0 0 0 0 
0.099999994039535522 0.10000000149011612 0.10000000149011612 0 0 0 0 0 0 0 0 
0.099999994039535522 0.125 0.075000002980232239 0 0 0 0 0 0 0 0 
0.125 0.037500001490116119 0.0625 0 0 0 0 0 0 0 0 
0.125 0.0625 0.0625 0 0 0 0 0 0 0 0 
0.125 0.0625 0.087499998509883881 0 0 0 0 0 0 0 0 
0.125 0.087499998509883881 0.0625 0 0 0 0 0 0 0 0 
0.125 0.087499998509883881 0.087499998509883881 0 0 0 0 0 0 0 0 
0.125 0.11249999701976776 0.0625 0 0 0 0 0 0 0 0 
0.125 0.11249999701976776 0.087499998509883881 0 0 0 0 0 0 0 0 
0.15000000596046448 0.05000000074505806 0.075000002980232239 0 0 0 0 0 0 0 0 
