380
0.025000005960464478 0.16250000894069672 0.13750000298023224 0 0 0 0 0 0 0 0 
0.025000005960464478 0.16250000894069672 0.16249999403953552 0 0 0 0 0 0 0 0 
0.025000005960464478 0.18750001490116119 0.11249999701976776 0 0 0 0 0 0 0 0 
0.025000005960464478 0.18750001490116119 0.13750000298023224 0 0 0 0 0 0 0 0 
0.025000005960464478 0.18750001490116119 0.16249999403953552 0 0 0 0 0 0 0 0 
0.025000005960464478 0.18750001490116119 0.1875 0 0 0 0 0 0 0 0 
0.025000005960464478 0.21250002086162567 0.13750000298023224 0 0 0 0 0 0 0 0 
0.025000005960464478 0.21250002086162567 0.16249999403953552 0 0 0 0 0 0 0 0 
0.025000005960464478 0.23750002682209015 0.13750000298023224 0 0 0 0 0 0 0 0 
0.025000005960464478 0.23750002682209015 0.16249999403953552 0 0 0 0 0 0 0 0 
0.025000005960464478 0.23750002682209015 0.1875 0 0 0 0 0 0 0 0 
0.025000005960464478 0.23750002682209015 0.21250000596046448 0 0 0 0 0 0 0 0 
0.025000005960464478 0.26250001788139343 0.13750000298023224 0 0 0 0 0 0 0 0 
0.025000005960464478 0.26250001788139343 0.16249999403953552 0 0 0 0 0 0 0 0 
0.025000005960464478 0.26250001788139343 0.1875 0 0 0 0 0 0 0 0 
0.025000005960464478 0.26250001788139343 0.21250000596046448 0 0 0 0 0 0 0 0 
0.025000005960464478 0.28750002384185791 0.13750000298023224 0 0 0 0 0 0 0 0 
0.025000005960464478 0.28750002384185791 0.16249999403953552 0 0 0 0 0 0 0 0 
0.025000005960464478 0.28750002384185791 0.1875 0 0 0 0 0 0 0 0 
0.050000011920928955 0.075000002980232239 0.125 0 0 0 0 0 0 0 0 
0.050000011920928955 0.125 0.14999999105930328 0 0 0 0 0 0 0 0 
0.050000011920928955 0.15000000596046448 0.099999994039535522 0 0 0 0 0 0 0 0 
0.050000011920928955 0.15000000596046448 0.125 0 0 0 0 0 0 0 0 
0.050000011920928955 0.15000000596046448 0.14999999105930328 0 0 0 0 0 0 0 0 
0.050000011920928955 0.15000000596046448 0.17499999701976776 0 0 0 0 0 0 0 0 
0.050000011920928955 0.17500001192092896 0.099999994039535522 0 0 0 0 0 0 0 0 
0.050000011920928955 0.17500001192092896 0.125 0 0 0 0 0 0 0 0 
0.050000011920928955 0.17500001192092896 0.14999999105930328 0 0 0 0 0 0 0 0 
0.050000011920928955 0.17500001192092896 0.17499999701976776 0 0 0 0 0 0 0 0 
0.050000011920928955 0.17500001192092896 0.19999998807907104 0 0 0 0 0 0 0 0 
0.050000011920928955 0.20000001788139343 0.099999994039535522 0 0 0 0 0 0 0 0 
0.050000011920928955 0.20000001788139343 0.125 0 0 0 0 0 0 0 0 
0.050000011920928955 0.20000001788139343 0.14999999105930328 0 0 0 0 0 0 0 0 
0.050000011920928955 0.20000001788139343 0.17499999701976776 0 0 0 0 0 0 0 0 
0.050000011920928955 0.20000001788139343 0.19999998807907104 0 0 0 0 0 0 0 0 
0.050000011920928955 0.22500002384185791 0.125 0 0 0 0 0 0 0 0 
0.050000011920928955 0.22500002384185791 0.14999999105930328 0 0 0 0 0 0 0 0 
0.050000011920928955 0.22500002384185791 0.17499999701976776 0 0 0 0 0 0 0 0 
0.050000011920928955 0.22500002384185791 0.19999998807907104 0 0 0 0 0 0 0 0 
0.050000011920928955 0.25000002980232239 0.125 0 0 0 0 0 0 0 0 
0.050000011920928955 0.25000002980232239 0.14999999105930328 0 0 0 0 0 0 0 0 
0.050000011920928955 0.25000002980232239 0.17499999701976776 0 0 0 0 0 0 0 0 
0.050000011920928955 0.25000002980232239 0.19999998807907104 0 0 0 0 0 0 0 0 
0.050000011920928955 0.25000002980232239 0.22499999403953552 0 0 0 0 0 0 0 0 
0.050000011920928955 0.27500003576278687 0.125 0 0 0 0 0 0 0 0 
0.050000011920928955 0.27500003576278687 0.14999999105930328 0 0 0 0 0 0 0 0 
0.050000011920928955 0.27500003576278687 0.17499999701976776 0 0 0 0 0 0 0 0 
0.050000011920928955 0.27500003576278687 0.19999998807907104 0 0 0 0 0 0 0 0 
0.050000011920928955 0.30000004172325134 0.049999997019767761 0 0 0 0 0 0 0 0 
0.050000011920928955 0.30000004172325134 0.074999995529651642 0 0 0 0 0 0 0 0 
0.050000011920928955 0.30000004172325134 0.099999994039535522 0 0 0 0 0 0 0 0 
0.050000011920928955 0.30000004172325134 0.125 0 0 0 0 0 0 0 0 
0.050000011920928955 0.30000004172325134 0.14999999105930328 0 0 0 0 0 0 0 0 
0.050000011920928955 0.30000004172325134 0.17499999701976776 0 0 0 0 0 0 0 0 
0.050000011920928955 0.32500004768371582 0.049999997019767761 0 0 0 0 0 0 0 0 
0.050000011920928955 0.32500004768371582 0.074999995529651642 0 0 0 0 0 0 0 0 
0.050000011920928955 0.3500000536441803 0.024999998509883881 0 0 0 0 0 0 0 0 
0.075000010430812836 0.087499998509883881 0.11249999701976776 0 0 0 0 0 0 0 0 
0.075000010430812836 0.087499998509883881 0.13750000298023224 0 0 0 0 0 0 0 0 
0.075000010430812836 0.087499998509883881 0.1875 0 0 0 0 0 0 0 0 
0.075000010430812836 0.13750000298023224 0.11249999701976776 0 0 0 0 0 0 0 0 
0.075000010430812836 0.13750000298023224 0.13750000298023224 0 0 0 0 0 0 0 0 
0.075000010430812836 0.13750000298023224 0.16249999403953552 0 0 0 0 0 0 0 0 
0.075000010430812836 0.13750000298023224 0.1875 0 0 0 0 0 0 0 0 
0.075000010430812836 0.16250000894069672 0.087499998509883881 0 0 0 0 0 0 0 0 
0.075000010430812836 0.16250000894069672 0.11249999701976776 0 0 0 0 0 0 0 0 
0.075000010430812836 0.16250000894069672 0.13750000298023224 0 0 0 0 0 0 0 0 
0.075000010430812836 0.16250000894069672 0.16249999403953552 0 0 0 0 0 0 0 0 
0.075000010430812836 0.16250000894069672 0.1875 0 0 0 0 0 0 0 0 
0.075000010430812836 0.18750001490116119 0.087499998509883881 0 0 0 0 0 0 0 0 
0.075000010430812836 0.18750001490116119 0.11249999701976776 0 0 0 0 0 0 0 0 
0.075000010430812836 0.18750001490116119 0.13750000298023224 0 0 0 0 0 0 0 0 
0.075000010430812836 0.18750001490116119 0.16249999403953552 0 0 0 0 0 0 0 0 
0.075000010430812836 0.18750001490116119 0.1875 0 0 0 0 0 0 0 0 
0.075000010430812836 0.21250002086162567 0.087499998509883881 0 0 0 0 0 0 0 0 
0.075000010430812836 0.21250002086162567 0.11249999701976776 0 0 0 0 0 0 0 0 
0.075000010430812836 0.21250002086162567 0.13750000298023224 0 0 0 0 0 0 0 0 
0.075000010430812836 0.21250002086162567 0.16249999403953552 0 0 0 0 0 0 0 0 
0.075000010430812836 0.21250002086162567 0.1875 0 0 0 0 0 0 0 0 
0.075000010430812836 0.23750002682209015 0.11249999701976776 0 0 0 0 0 0 0 0 
0.075000010430812836 0.23750002682209015 0.13750000298023224 0 0 0 0 0 0 0 0 
0.075000010430812836 0.23750002682209015 0.16249999403953552 0 0 0 0 0 0 0 0 
0.075000010430812836 0.23750002682209015 0.1875 0 0 0 0 0 0 0 0 
0.075000010430812836 0.26250001788139343 0.11249999701976776 0 0 0 0 0 0 0 0 
0.075000010430812836 0.26250001788139343 0.13750000298023224 0 0 0 0 0 0 0 0 
0.075000010430812836 0.26250001788139343 0.16249999403953552 0 0 0 0 0 0 0 0 
0.075000010430812836 0.26250001788139343 0.1875 0 0 0 0 0 0 0 0 
0.075000010430812836 0.28750002384185791 0.13750000298023224 0 0 0 0 0 0 0 0 
0.075000010430812836 0.28750002384185791 0.16249999403953552 0 0 0 0 0 0 0 0 
0.075000010430812836 0.28750002384185791 0.1875 0 0 0 0 0 0 0 0 
0.075000010430812836 0.31250002980232239 0.13750000298023224 0 0 0 0 0 0 0 0 
0.10000000894069672 0.075000002980232239 0.099999994039535522 0 0 0 0 0 0 0 0 
0.10000000894069672 0.075000002980232239 0.125 0 0 0 0 0 0 0 0 
0.10000000894069672 0.075000002980232239 0.14999999105930328 0 0 0 0 0 0 0 0 
0.10000000894069672 0.075000002980232239 0.17499999701976776 0 0 0 0 0 0 0 0 
0.10000000894069672 0.075000002980232239 0.19999998807907104 0 0 0 0 0 0 0 0 
0.10000000894069672 0.10000000149011612 0.125 0 0 0 0 0 0 0 0 
0.10000000894069672 0.10000000149011612 0.14999999105930328 0 0 0 0 0 0 0 0 
0.10000000894069672 0.10000000149011612 0.17499999701976776 0 0 0 0 0 0 0 0 
0.10000000894069672 0.10000000149011612 0.19999998807907104 0 0 0 0 0 0 0 0 
0.10000000894069672 0.125 0.099999994039535522 0 0 0 0 0 0 0 0 
0.10000000894069672 0.125 0.125 0 0 0 0 0 0 0 0 
0.10000000894069672 0.125 0.14999999105930328 0 0 0 0 0 0 0 0 
0.10000000894069672 0.125 0.17499999701976776 0 0 0 0 0 0 0 0 
0.10000000894069672 0.125 0.19999998807907104 0 0 0 0 0 0 0 0 
0.10000000894069672 0.15000000596046448 0.099999994039535522 0 0 0 0 0 0 0 0 
0.10000000894069672 0.15000000596046448 0.125 0 0 0 0 0 0 0 0 
0.10000000894069672 0.15000000596046448 0.14999999105930328 0 0 0 0 0 0 0 0 
0.10000000894069672 0.15000000596046448 0.17499999701976776 0 0 0 0 0 0 0 0 
0.10000000894069672 0.15000000596046448 0.19999998807907104 0 0 0 0 0 0 0 0 
0.10000000894069672 0.17500001192092896 0.099999994039535522 0 0 0 0 0 0 0 0 
0.10000000894069672 0.17500001192092896 0.125 0 0 0 0 0 0 0 0 
0.10000000894069672 0.17500001192092896 0.14999999105930328 0 0 0 0 0 0 0 0 
0.10000000894069672 0.17500001192092896 0.17499999701976776 0 0 0 0 0 0 0 0 
0.10000000894069672 0.17500001192092896 0.19999998807907104 0 0 0 0 0 0 0 0 
0.10000000894069672 0.20000001788139343 0.099999994039535522 0 0 0 0 0 0 0 0 
0.10000000894069672 0.20000001788139343 0.125 0 0 0 0 0 0 0 0 
0.10000000894069672 0.20000001788139343 0.14999999105930328 0 0 0 0 0 0 0 0 
0.10000000894069672 0.20000001788139343 0.17499999701976776 0 0 0 0 0 0 0 0 
0.10000000894069672 0.20000001788139343 0.19999998807907104 0 0 0 0 0 0 0 0 
0.10000000894069672 0.22500002384185791 0.099999994039535522 0 0 0 0 0 0 0 0 
0.10000000894069672 0.22500002384185791 0.125 0 0 0 0 0 0 0 0 
0.10000000894069672 0.22500002384185791 0.14999999105930328 0 0 0 0 0 0 0 0 
0.10000000894069672 0.22500002384185791 0.17499999701976776 0 0 0 0 0 0 0 0 
0.10000000894069672 0.25000002980232239 0.125 0 0 0 0 0 0 0 0 
0.10000000894069672 0.25000002980232239 0.14999999105930328 0 0 0 0 0 0 0 0 
0.10000000894069672 0.30000004172325134 0.125 0 0 0 0 0 0 0 0 
0.10000000894069672 0.32500004768371582 0.125 0 0 0 0 0 0 0 0 
0.125 0.087499998509883881 0.087499998509883881 0 0 0 0 0 0 0 0 
0.125 0.087499998509883881 0.11249999701976776 0 0 0 0 0 0 0 0 
0.125 0.087499998509883881 0.13750000298023224 0 0 0 0 0 0 0 0 
0.125 0.087499998509883881 0.16249999403953552 0 0 0 0 0 0 0 0 
0.125 0.087499998509883881 0.1875 0 0 0 0 0 0 0 0 
0.125 0.087499998509883881 0.21250000596046448 0 0 0 0 0 0 0 0 
0.125 0.11249999701976776 0.11249999701976776 0 0 0 0 0 0 0 0 
0.125 0.11249999701976776 0.13750000298023224 0 0 0 0 0 0 0 0 
0.125 0.11249999701976776 0.16249999403953552 0 0 0 0 0 0 0 0 
0.125 0.11249999701976776 0.1875 0 0 0 0 0 0 0 0 
0.125 0.13750000298023224 0.087499998509883881 0 0 0 0 0 0 0 0 
0.125 0.13750000298023224 0.11249999701976776 0 0 0 0 0 0 0 0 
0.125 0.13750000298023224 0.13750000298023224 0 0 0 0 0 0 0 0 
0.125 0.13750000298023224 0.16249999403953552 0 0 0 0 0 0 0 0 
0.125 0.13750000298023224 0.1875 0 0 0 0 0 0 0 0 
0.125 0.16250000894069672 0.0625 0 0 0 0 0 0 0 0 
0.125 0.16250000894069672 0.087499998509883881 0 0 0 0 0 0 0 0 
0.125 0.16250000894069672 0.11249999701976776 0 0 0 0 0 0 0 0 
0.125 0.16250000894069672 0.13750000298023224 0 0 0 0 0 0 0 0 
0.125 0.16250000894069672 0.16249999403953552 0 0 0 0 0 0 0 0 
0.125 0.16250000894069672 0.1875 0 0 0 0 0 0 0 0 
0.125 0.18750001490116119 0.087499998509883881 0 0 0 0 0 0 0 0 
0.125 0.18750001490116119 0.11249999701976776 0 0 0 0 0 0 0 0 
0.125 0.18750001490116119 0.13750000298023224 0 0 0 0 0 0 0 0 
0.125 0.18750001490116119 0.16249999403953552 0 0 0 0 0 0 0 0 
0.125 0.18750001490116119 0.1875 0 0 0 0 0 0 0 0 
0.125 0.21250002086162567 0.087499998509883881 0 0 0 0 0 0 0 0 
0.125 0.21250002086162567 0.11249999701976776 0 0 0 0 0 0 0 0 
0.125 0.21250002086162567 0.13750000298023224 0 0 0 0 0 0 0 0 
0.125 0.21250002086162567 0.16249999403953552 0 0 0 0 0 0 0 0 
0.125 0.21250002086162567 0.1875 0 0 0 0 0 0 0 0 
0.125 0.23750002682209015 0.11249999701976776 0 0 0 0 0 0 0 0 
0.125 0.23750002682209015 0.13750000298023224 0 0 0 0 0 0 0 0 
0.125 0.23750002682209015 0.16249999403953552 0 0 0 0 0 0 0 0 
0.125 0.31250002980232239 0.11249999701976776 0 0 0 0 0 0 0 0 
0.15000000596046448 0.075000002980232239 0.074999995529651642 0 0 0 0 0 0 0 0 
0.15000000596046448 0.075000002980232239 0.14999999105930328 0 0 0 0 0 0 0 0 
0.15000000596046448 0.075000002980232239 0.17499999701976776 0 0 0 0 0 0 0 0 
0.15000000596046448 0.075000002980232239 0.19999998807907104 0 0 0 0 0 0 0 0 
0.15000000596046448 0.075000002980232239 0.22499999403953552 0 0 0 0 0 0 0 0 
0.15000000596046448 0.10000000149011612 0.074999995529651642 0 0 0 0 0 0 0 0 
0.15000000596046448 0.10000000149011612 0.099999994039535522 0 0 0 0 0 0 0 0 
0.15000000596046448 0.10000000149011612 0.125 0 0 0 0 0 0 0 0 
0.15000000596046448 0.10000000149011612 0.14999999105930328 0 0 0 0 0 0 0 0 
0.15000000596046448 0.10000000149011612 0.17499999701976776 0 0 0 0 0 0 0 0 
0.15000000596046448 0.10000000149011612 0.19999998807907104 0 0 0 0 0 0 0 0 
0.15000000596046448 0.125 0.074999995529651642 0 0 0 0 0 0 0 0 
0.15000000596046448 0.125 0.099999994039535522 0 0 0 0 0 0 0 0 
0.15000000596046448 0.125 0.125 0 0 0 0 0 0 0 0 
0.15000000596046448 0.125 0.14999999105930328 0 0 0 0 0 0 0 0 
0.15000000596046448 0.125 0.17499999701976776 0 0 0 0 0 0 0 0 
0.15000000596046448 0.125 0.19999998807907104 0 0 0 0 0 0 0 0 
0.15000000596046448 0.15000000596046448 0.049999997019767761 0 0 0 0 0 0 0 0 
0.15000000596046448 0.15000000596046448 0.074999995529651642 0 0 0 0 0 0 0 0 
0.15000000596046448 0.15000000596046448 0.099999994039535522 0 0 0 0 0 0 0 0 
0.15000000596046448 0.15000000596046448 0.125 0 0 0 0 0 0 0 0 
0.15000000596046448 0.15000000596046448 0.14999999105930328 0 0 0 0 0 0 0 0 
0.15000000596046448 0.15000000596046448 0.17499999701976776 0 0 0 0 0 0 0 0 
0.15000000596046448 0.15000000596046448 0.19999998807907104 0 0 0 0 0 0 0 0 
0.15000000596046448 0.15000000596046448 0.22499999403953552 0 0 0 0 0 0 0 0 
0.15000000596046448 0.17500001192092896 0.049999997019767761 0 0 0 0 0 0 0 0 
0.15000000596046448 0.17500001192092896 0.074999995529651642 0 0 0 0 0 0 0 0 
0.15000000596046448 0.17500001192092896 0.099999994039535522 0 0 0 0 0 0 0 0 
0.15000000596046448 0.17500001192092896 0.125 0 0 0 0 0 0 0 0 
0.15000000596046448 0.17500001192092896 0.14999999105930328 0 0 0 0 0 0 0 0 
0.15000000596046448 0.17500001192092896 0.17499999701976776 0 0 0 0 0 0 0 0 
0.15000000596046448 0.17500001192092896 0.19999998807907104 0 0 0 0 0 0 0 0 
0.15000000596046448 0.17500001192092896 0.22499999403953552 0 0 0 0 0 0 0 0 
0.15000000596046448 0.20000001788139343 0.074999995529651642 0 0 0 0 0 0 0 0 
0.15000000596046448 0.20000001788139343 0.099999994039535522 0 0 0 0 0 0 0 0 
0.15000000596046448 0.20000001788139343 0.125 0 0 0 0 0 0 0 0 
0.15000000596046448 0.20000001788139343 0.14999999105930328 0 0 0 0 0 0 0 0 
0.15000000596046448 0.20000001788139343 0.17499999701976776 0 0 0 0 0 0 0 0 
0.15000000596046448 0.20000001788139343 0.19999998807907104 0 0 0 0 0 0 0 0 
0.15000000596046448 0.22500002384185791 0.099999994039535522 0 0 0 0 0 0 0 0 
0.15000000596046448 0.22500002384185791 0.125 0 0 0 0 0 0 0 0 
0.15000000596046448 0.22500002384185791 0.14999999105930328 0 0 0 0 0 0 0 0 
0.15000000596046448 0.22500002384185791 0.17499999701976776 0 0 0 0 0 0 0 0 
0.15000000596046448 0.22500002384185791 0.19999998807907104 0 0 0 0 0 0 0 0 
0.15000000596046448 0.25000002980232239 0.125 0 0 0 0 0 0 0 0 
0.15000000596046448 0.25000002980232239 0.14999999105930328 0 0 0 0 0 0 0 0 
0.15000000596046448 0.32500004768371582 0.099999994039535522 0 0 0 0 0 0 0 0 
0.17500001192092896 0.087499998509883881 0.087499998509883881 0 0 0 0 0 0 0 0 
0.17500001192092896 0.087499998509883881 0.11249999701976776 0 0 0 0 0 0 0 0 
0.17500001192092896 0.087499998509883881 0.13750000298023224 0 0 0 0 0 0 0 0 
0.17500001192092896 0.087499998509883881 0.16249999403953552 0 0 0 0 0 0 0 0 
0.17500001192092896 0.087499998509883881 0.1875 0 0 0 0 0 0 0 0 
0.17500001192092896 0.087499998509883881 0.21250000596046448 0 0 0 0 0 0 0 0 
0.17500001192092896 0.11249999701976776 0.0625 0 0 0 0 0 0 0 0 
0.17500001192092896 0.11249999701976776 0.087499998509883881 0 0 0 0 0 0 0 0 
0.17500001192092896 0.11249999701976776 0.11249999701976776 0 0 0 0 0 0 0 0 
0.17500001192092896 0.11249999701976776 0.13750000298023224 0 0 0 0 0 0 0 0 
0.17500001192092896 0.11249999701976776 0.16249999403953552 0 0 0 0 0 0 0 0 
0.17500001192092896 0.11249999701976776 0.1875 0 0 0 0 0 0 0 0 
0.17500001192092896 0.11249999701976776 0.21250000596046448 0 0 0 0 0 0 0 0 
0.17500001192092896 0.13750000298023224 0.0625 0 0 0 0 0 0 0 0 
0.17500001192092896 0.13750000298023224 0.087499998509883881 0 0 0 0 0 0 0 0 
0.17500001192092896 0.13750000298023224 0.11249999701976776 0 0 0 0 0 0 0 0 
0.17500001192092896 0.13750000298023224 0.13750000298023224 0 0 0 0 0 0 0 0 
0.17500001192092896 0.13750000298023224 0.16249999403953552 0 0 0 0 0 0 0 0 
0.17500001192092896 0.13750000298023224 0.1875 0 0 0 0 0 0 0 0 
0.17500001192092896 0.13750000298023224 0.21250000596046448 0 0 0 0 0 0 0 0 
0.17500001192092896 0.16250000894069672 0.0625 0 0 0 0 0 0 0 0 
0.17500001192092896 0.16250000894069672 0.087499998509883881 0 0 0 0 0 0 0 0 
0.17500001192092896 0.16250000894069672 0.11249999701976776 0 0 0 0 0 0 0 0 
0.17500001192092896 0.16250000894069672 0.13750000298023224 0 0 0 0 0 0 0 0 
0.17500001192092896 0.16250000894069672 0.16249999403953552 0 0 0 0 0 0 0 0 
0.17500001192092896 0.16250000894069672 0.1875 0 0 0 0 0 0 0 0 
0.17500001192092896 0.16250000894069672 0.21250000596046448 0 0 0 0 0 0 0 0 
0.17500001192092896 0.16250000894069672 0.23749999701976776 0 0 0 0 0 0 0 0 
0.17500001192092896 0.18750001490116119 0.0625 0 0 0 0 0 0 0 0 
0.17500001192092896 0.18750001490116119 0.087499998509883881 0 0 0 0 0 0 0 0 
0.17500001192092896 0.18750001490116119 0.11249999701976776 0 0 0 0 0 0 0 0 
0.17500001192092896 0.18750001490116119 0.13750000298023224 0 0 0 0 0 0 0 0 
0.17500001192092896 0.18750001490116119 0.16249999403953552 0 0 0 0 0 0 0 0 
0.17500001192092896 0.18750001490116119 0.1875 0 0 0 0 0 0 0 0 
0.17500001192092896 0.18750001490116119 0.21250000596046448 0 0 0 0 0 0 0 0 
0.17500001192092896 0.21250002086162567 0.087499998509883881 0 0 0 0 0 0 0 0 
0.17500001192092896 0.21250002086162567 0.11249999701976776 0 0 0 0 0 0 0 0 
0.17500001192092896 0.21250002086162567 0.13750000298023224 0 0 0 0 0 0 0 0 
0.17500001192092896 0.21250002086162567 0.16249999403953552 0 0 0 0 0 0 0 0 
0.17500001192092896 0.21250002086162567 0.1875 0 0 0 0 0 0 0 0 
0.17500001192092896 0.23750002682209015 0.11249999701976776 0 0 0 0 0 0 0 0 
0.17500001192092896 0.23750002682209015 0.13750000298023224 0 0 0 0 0 0 0 0 
0.17500001192092896 0.23750002682209015 0.16249999403953552 0 0 0 0 0 0 0 0 
0.17500001192092896 0.23750002682209015 0.1875 0 0 0 0 0 0 0 0 
0.20000000298023224 0.075000002980232239 0.125 0 0 0 0 0 0 0 0 
0.20000000298023224 0.075000002980232239 0.14999999105930328 0 0 0 0 0 0 0 0 
0.20000000298023224 0.075000002980232239 0.17499999701976776 0 0 0 0 0 0 0 0 
0.20000000298023224 0.075000002980232239 0.19999998807907104 0 0 0 0 0 0 0 0 
0.20000000298023224 0.10000000149011612 0.074999995529651642 0 0 0 0 0 0 0 0 
0.20000000298023224 0.10000000149011612 0.099999994039535522 0 0 0 0 0 0 0 0 
0.20000000298023224 0.10000000149011612 0.125 0 0 0 0 0 0 0 0 
0.20000000298023224 0.10000000149011612 0.14999999105930328 0 0 0 0 0 0 0 0 
0.20000000298023224 0.10000000149011612 0.17499999701976776 0 0 0 0 0 0 0 0 
0.20000000298023224 0.10000000149011612 0.19999998807907104 0 0 0 0 0 0 0 0 
0.20000000298023224 0.10000000149011612 0.22499999403953552 0 0 0 0 0 0 0 0 
0.20000000298023224 0.125 0.074999995529651642 0 0 0 0 0 0 0 0 
0.20000000298023224 0.125 0.099999994039535522 0 0 0 0 0 0 0 0 
0.20000000298023224 0.125 0.125 0 0 0 0 0 0 0 0 
0.20000000298023224 0.125 0.14999999105930328 0 0 0 0 0 0 0 0 
0.20000000298023224 0.125 0.17499999701976776 0 0 0 0 0 0 0 0 
0.20000000298023224 0.125 0.19999998807907104 0 0 0 0 0 0 0 0 
0.20000000298023224 0.125 0.22499999403953552 0 0 0 0 0 0 0 0 
0.20000000298023224 0.15000000596046448 0.074999995529651642 0 0 0 0 0 0 0 0 
0.20000000298023224 0.15000000596046448 0.099999994039535522 0 0 0 0 0 0 0 0 
0.20000000298023224 0.15000000596046448 0.125 0 0 0 0 0 0 0 0 
0.20000000298023224 0.15000000596046448 0.14999999105930328 0 0 0 0 0 0 0 0 
0.20000000298023224 0.15000000596046448 0.17499999701976776 0 0 0 0 0 0 0 0 
0.20000000298023224 0.15000000596046448 0.19999998807907104 0 0 0 0 0 0 0 0 
0.20000000298023224 0.15000000596046448 0.22499999403953552 0 0 0 0 0 0 0 0 
0.20000000298023224 0.17500001192092896 0.074999995529651642 0 0 0 0 0 0 0 0 
0.20000000298023224 0.17500001192092896 0.099999994039535522 0 0 0 0 0 0 0 0 
0.20000000298023224 0.17500001192092896 0.125 0 0 0 0 0 0 0 0 
0.20000000298023224 0.17500001192092896 0.14999999105930328 0 0 0 0 0 0 0 0 
0.20000000298023224 0.17500001192092896 0.17499999701976776 0 0 0 0 0 0 0 0 
0.20000000298023224 0.17500001192092896 0.19999998807907104 0 0 0 0 0 0 0 0 
0.20000000298023224 0.17500001192092896 0.22499999403953552 0 0 0 0 0 0 0 0 
0.20000000298023224 0.20000001788139343 0.099999994039535522 0 0 0 0 0 0 0 0 
0.20000000298023224 0.20000001788139343 0.125 0 0 0 0 0 0 0 0 
0.20000000298023224 0.20000001788139343 0.14999999105930328 0 0 0 0 0 0 0 0 
0.20000000298023224 0.20000001788139343 0.17499999701976776 0 0 0 0 0 0 0 0 
0.20000000298023224 0.20000001788139343 0.19999998807907104 0 0 0 0 0 0 0 0 
0.20000000298023224 0.22500002384185791 0.099999994039535522 0 0 0 0 0 0 0 0 
0.20000000298023224 0.22500002384185791 0.125 0 0 0 0 0 0 0 0 
0.20000000298023224 0.22500002384185791 0.14999999105930328 0 0 0 0 0 0 0 0 
0.20000000298023224 0.22500002384185791 0.17499999701976776 0 0 0 0 0 0 0 0 
0.20000000298023224 0.22500002384185791 0.19999998807907104 0 0 0 0 0 0 0 0 
0.20000000298023224 0.25000002980232239 0.125 0 0 0 0 0 0 0 0 
0.20000000298023224 0.25000002980232239 0.14999999105930328 0 0 0 0 0 0 0 0 
0.20000000298023224 0.25000002980232239 0.17499999701976776 0 0 0 0 0 0 0 0 
0.22500000894069672 0.087499998509883881 0.087499998509883881 0 0 0 0 0 0 0 0 
0.22500000894069672 0.087499998509883881 0.11249999701976776 0 0 0 0 0 0 0 0 
0.22500000894069672 0.087499998509883881 0.13750000298023224 0 0 0 0 0 0 0 0 
0.22500000894069672 0.087499998509883881 0.16249999403953552 0 0 0 0 0 0 0 0 
0.22500000894069672 0.087499998509883881 0.1875 0 0 0 0 0 0 0 0 
0.22500000894069672 0.11249999701976776 0.087499998509883881 0 0 0 0 0 0 0 0 
0.22500000894069672 0.11249999701976776 0.11249999701976776 0 0 0 0 0 0 0 0 
0.22500000894069672 0.11249999701976776 0.13750000298023224 0 0 0 0 0 0 0 0 
0.22500000894069672 0.11249999701976776 0.16249999403953552 0 0 0 0 0 0 0 0 
0.22500000894069672 0.11249999701976776 0.1875 0 0 0 0 0 0 0 0 
0.22500000894069672 0.11249999701976776 0.21250000596046448 0 0 0 0 0 0 0 0 
0.22500000894069672 0.13750000298023224 0.087499998509883881 0 0 0 0 0 0 0 0 
0.22500000894069672 0.13750000298023224 0.11249999701976776 0 0 0 0 0 0 0 0 
0.22500000894069672 0.13750000298023224 0.13750000298023224 0 0 0 0 0 0 0 0 
0.22500000894069672 0.13750000298023224 0.16249999403953552 0 0 0 0 0 0 0 0 
0.22500000894069672 0.13750000298023224 0.1875 0 0 0 0 0 0 0 0 
0.22500000894069672 0.13750000298023224 0.21250000596046448 0 0 0 0 0 0 0 0 
0.22500000894069672 0.16250000894069672 0.087499998509883881 0 0 0 0 0 0 0 0 
0.22500000894069672 0.16250000894069672 0.11249999701976776 0 0 0 0 0 0 0 0 
0.22500000894069672 0.16250000894069672 0.13750000298023224 0 0 0 0 0 0 0 0 
0.22500000894069672 0.16250000894069672 0.16249999403953552 0 0 0 0 0 0 0 0 
0.22500000894069672 0.16250000894069672 0.1875 0 0 0 0 0 0 0 0 
0.22500000894069672 0.16250000894069672 0.21250000596046448 0 0 0 0 0 0 0 0 
0.22500000894069672 0.18750001490116119 0.087499998509883881 0 0 0 0 0 0 0 0 
0.22500000894069672 0.18750001490116119 0.11249999701976776 0 0 0 0 0 0 0 0 
0.22500000894069672 0.18750001490116119 0.13750000298023224 0 0 0 0 0 0 0 0 
0.22500000894069672 0.18750001490116119 0.16249999403953552 0 0 0 0 0 0 0 0 
0.22500000894069672 0.18750001490116119 0.1875 0 0 0 0 0 0 0 0 
0.22500000894069672 0.18750001490116119 0.21250000596046448 0 0 0 0 0 0 0 0 
0.22500000894069672 0.21250002086162567 0.087499998509883881 0 0 0 0 0 0 0 0 
0.22500000894069672 0.21250002086162567 0.11249999701976776 0 0 0 0 0 0 0 0 
0.22500000894069672 0.21250002086162567 0.13750000298023224 0 0 0 0 0 0 0 0 
0.22500000894069672 0.21250002086162567 0.16249999403953552 0 0 0 0 0 0 0 0 
0.22500000894069672 0.21250002086162567 0.1875 0 0 0 0 0 0 0 0 
0.22500000894069672 0.23750002682209015 0.11249999701976776 0 0 0 0 0 0 0 0 
0.22500000894069672 0.23750002682209015 0.13750000298023224 0 0 0 0 0 0 0 0 
0.22500000894069672 0.23750002682209015 0.16249999403953552 0 0 0 0 0 0 0 0 
0.22500000894069672 0.23750002682209015 0.1875 0 0 0 0 0 0 0 0 
0.25 0.075000002980232239 0.125 0 0 0 0 0 0 0 0 
0.25 0.075000002980232239 0.14999999105930328 0 0 0 0 0 0 0 0 
0.25 0.10000000149011612 0.125 0 0 0 0 0 0 0 0 
0.25 0.10000000149011612 0.14999999105930328 0 0 0 0 0 0 0 0 
0.25 0.10000000149011612 0.17499999701976776 0 0 0 0 0 0 0 0 
0.25 0.125 0.099999994039535522 0 0 0 0 0 0 0 0 
0.25 0.125 0.125 0 0 0 0 0 0 0 0 
0.25 0.125 0.14999999105930328 0 0 0 0 0 0 0 0 
0.25 0.125 0.17499999701976776 0 0 0 0 0 0 0 0 
0.25 0.125 0.19999998807907104 0 0 0 0 0 0 0 0 
0.25 0.15000000596046448 0.099999994039535522 0 0 0 0 0 0 0 0 
0.25 0.15000000596046448 0.125 0 0 0 0 0 0 0 0 
0.25 0.15000000596046448 0.14999999105930328 0 0 0 0 0 0 0 0 
0.25 0.15000000596046448 0.17499999701976776 0 0 0 0 0 0 0 0 
0.25 0.15000000596046448 0.19999998807907104 0 0 0 0 0 0 0 0 
0.25 0.17500001192092896 0.099999994039535522 0 0 0 0 0 0 0 0 
0.25 0.17500001192092896 0.125 0 0 0 0 0 0 0 0 
0.25 0.17500001192092896 0.14999999105930328 0 0 0 0 0 0 0 0 
0.25 0.17500001192092896 0.17499999701976776 0 0 0 0 0 0 0 0 
0.25 0.17500001192092896 0.19999998807907104 0 0 0 0 0 0 0 0 
0.25 0.20000001788139343 0.099999994039535522 0 0 0 0 0 0 0 0 
0.25 0.20000001788139343 0.125 0 0 0 0 0 0 0 0 
0.25 0.20000001788139343 0.14999999105930328 0 0 0 0 0 0 0 0 
0.25 0.20000001788139343 0.17499999701976776 0 0 0 0 0 0 0 0 
0.25 0.20000001788139343 0.19999998807907104 0 0 0 0 0 0 0 0 
0.25 0.22500002384185791 0.125 0 0 0 0 0 0 0 0 
0.25 0.22500002384185791 0.14999999105930328 0 0 0 0 0 0 0 0 
0.25 0.22500002384185791 0.17499999701976776 0 0 0 0 0 0 0 0 
0.27500000596046448 0.087499998509883881 0.13750000298023224 0 0 0 0 0 0 0 0 
0.27500000596046448 0.087499998509883881 0.16249999403953552 0 0 0 0 0 0 0 0 
0.27500000596046448 0.11249999701976776 0.11249999701976776 0 0 0 0 0 0 0 0 
0.27500000596046448 0.11249999701976776 0.13750000298023224 0 0 0 0 0 0 0 0 
0.27500000596046448 0.11249999701976776 0.16249999403953552 0 0 0 0 0 0 0 0 
0.27500000596046448 0.13750000298023224 0.13750000298023224 0 0 0 0 0 0 0 0 
0.27500000596046448 0.13750000298023224 0.16249999403953552 0 0 0 0 0 0 0 0 
0.27500000596046448 0.16250000894069672 0.13750000298023224 0 0 0 0 0 0 0 0 
0.27500000596046448 0.16250000894069672 0.16249999403953552 0 0 0 0 0 0 0 0 
0.27500000596046448 0.18750001490116119 0.13750000298023224 0 0 0 0 0 0 0 0 
0.27500000596046448 0.18750001490116119 0.16249999403953552 0 0 0 0 0 0 0 0 
0.30000001192092896 0.10000000149011612 0.14999999105930328 0 0 0 0 0 0 0 0 
0.30000001192092896 0.125 0.125 0 0 0 0 0 0 0 0 
0.30000001192092896 0.125 0.14999999105930328 0 0 0 0 0 0 0 0 
0.30000001192092896 0.125 0.17499999701976776 0 0 0 0 0 0 0 0 
