757
0.024999994784593582 0.2124999612569809 0.16249999403953552 0 0 0 0 0 0 0 0 
0.024999994784593582 0.2124999612569809 0.18749998509883881 0 0 0 0 0 0 0 0 
0.024999994784593582 0.2124999612569809 0.21249997615814209 0 0 0 0 0 0 0 0 
0.024999994784593582 0.23749995231628418 0.16249999403953552 0 0 0 0 0 0 0 0 
0.024999994784593582 0.23749995231628418 0.18749998509883881 0 0 0 0 0 0 0 0 
0.024999994784593582 0.23749995231628418 0.21249997615814209 0 0 0 0 0 0 0 0 
0.024999994784593582 0.26249995827674866 0.16249999403953552 0 0 0 0 0 0 0 0 
0.024999994784593582 0.26249995827674866 0.18749998509883881 0 0 0 0 0 0 0 0 
0.024999994784593582 0.26249995827674866 0.21249997615814209 0 0 0 0 0 0 0 0 
0.024999994784593582 0.28749996423721313 0.16249999403953552 0 0 0 0 0 0 0 0 
0.024999994784593582 0.28749996423721313 0.18749998509883881 0 0 0 0 0 0 0 0 
0.024999994784593582 0.28749996423721313 0.21249997615814209 0 0 0 0 0 0 0 0 
0.024999994784593582 0.28749996423721313 0.23749999701976776 0 0 0 0 0 0 0 0 
0.024999994784593582 0.28749996423721313 0.26249998807907104 0 0 0 0 0 0 0 0 
0.024999994784593582 0.31249994039535522 0.16249999403953552 0 0 0 0 0 0 0 0 
0.024999994784593582 0.31249994039535522 0.18749998509883881 0 0 0 0 0 0 0 0 
0.024999994784593582 0.31249994039535522 0.21249997615814209 0 0 0 0 0 0 0 0 
0.024999994784593582 0.31249994039535522 0.23749999701976776 0 0 0 0 0 0 0 0 
0.024999994784593582 0.31249994039535522 0.26249998807907104 0 0 0 0 0 0 0 0 
0.024999994784593582 0.3374999463558197 0.16249999403953552 0 0 0 0 0 0 0 0 
0.024999994784593582 0.3374999463558197 0.18749998509883881 0 0 0 0 0 0 0 0 
0.024999994784593582 0.3374999463558197 0.21249997615814209 0 0 0 0 0 0 0 0 
0.024999994784593582 0.3374999463558197 0.23749999701976776 0 0 0 0 0 0 0 0 
0.024999994784593582 0.3374999463558197 0.26249998807907104 0 0 0 0 0 0 0 0 
0.024999994784593582 0.36249995231628418 0.18749998509883881 0 0 0 0 0 0 0 0 
0.024999994784593582 0.36249995231628418 0.21249997615814209 0 0 0 0 0 0 0 0 
0.024999994784593582 0.36249995231628418 0.23749999701976776 0 0 0 0 0 0 0 0 
0.049999989569187164 0.17499998211860657 0.14999999105930328 0 0 0 0 0 0 0 0 
0.049999989569187164 0.17499998211860657 0.17499998211860657 0 0 0 0 0 0 0 0 
0.049999989569187164 0.17499998211860657 0.19999997317790985 0 0 0 0 0 0 0 0 
0.049999989569187164 0.19999997317790985 0.12499998509883881 0 0 0 0 0 0 0 0 
0.049999989569187164 0.19999997317790985 0.14999999105930328 0 0 0 0 0 0 0 0 
0.049999989569187164 0.19999997317790985 0.17499998211860657 0 0 0 0 0 0 0 0 
0.049999989569187164 0.19999997317790985 0.19999997317790985 0 0 0 0 0 0 0 0 
0.049999989569187164 0.19999997317790985 0.22499996423721313 0 0 0 0 0 0 0 0 
0.049999989569187164 0.22499996423721313 0.12499998509883881 0 0 0 0 0 0 0 0 
0.049999989569187164 0.22499996423721313 0.14999999105930328 0 0 0 0 0 0 0 0 
0.049999989569187164 0.22499996423721313 0.17499998211860657 0 0 0 0 0 0 0 0 
0.049999989569187164 0.22499996423721313 0.19999997317790985 0 0 0 0 0 0 0 0 
0.049999989569187164 0.22499996423721313 0.22499996423721313 0 0 0 0 0 0 0 0 
0.049999989569187164 0.22499996423721313 0.24999998509883881 0 0 0 0 0 0 0 0 
0.049999989569187164 0.24999997019767761 0.12499998509883881 0 0 0 0 0 0 0 0 
0.049999989569187164 0.24999997019767761 0.14999999105930328 0 0 0 0 0 0 0 0 
0.049999989569187164 0.24999997019767761 0.17499998211860657 0 0 0 0 0 0 0 0 
0.049999989569187164 0.24999997019767761 0.19999997317790985 0 0 0 0 0 0 0 0 
0.049999989569187164 0.24999997019767761 0.22499996423721313 0 0 0 0 0 0 0 0 
0.049999989569187164 0.27499997615814209 0.14999999105930328 0 0 0 0 0 0 0 0 
0.049999989569187164 0.27499997615814209 0.17499998211860657 0 0 0 0 0 0 0 0 
0.049999989569187164 0.27499997615814209 0.19999997317790985 0 0 0 0 0 0 0 0 
0.049999989569187164 0.27499997615814209 0.22499996423721313 0 0 0 0 0 0 0 0 
0.049999989569187164 0.27499997615814209 0.24999998509883881 0 0 0 0 0 0 0 0 
0.049999989569187164 0.29999995231628418 0.14999999105930328 0 0 0 0 0 0 0 0 
0.049999989569187164 0.29999995231628418 0.17499998211860657 0 0 0 0 0 0 0 0 
0.049999989569187164 0.29999995231628418 0.19999997317790985 0 0 0 0 0 0 0 0 
0.049999989569187164 0.29999995231628418 0.22499996423721313 0 0 0 0 0 0 0 0 
0.049999989569187164 0.29999995231628418 0.24999998509883881 0 0 0 0 0 0 0 0 
0.049999989569187164 0.29999995231628418 0.27499997615814209 0 0 0 0 0 0 0 0 
0.049999989569187164 0.32499995827674866 0.14999999105930328 0 0 0 0 0 0 0 0 
0.049999989569187164 0.32499995827674866 0.17499998211860657 0 0 0 0 0 0 0 0 
0.049999989569187164 0.32499995827674866 0.19999997317790985 0 0 0 0 0 0 0 0 
0.049999989569187164 0.32499995827674866 0.22499996423721313 0 0 0 0 0 0 0 0 
0.049999989569187164 0.32499995827674866 0.24999998509883881 0 0 0 0 0 0 0 0 
0.049999989569187164 0.32499995827674866 0.27499997615814209 0 0 0 0 0 0 0 0 
0.049999989569187164 0.34999996423721313 0.14999999105930328 0 0 0 0 0 0 0 0 
0.049999989569187164 0.34999996423721313 0.17499998211860657 0 0 0 0 0 0 0 0 
0.049999989569187164 0.34999996423721313 0.19999997317790985 0 0 0 0 0 0 0 0 
0.049999989569187164 0.34999996423721313 0.22499996423721313 0 0 0 0 0 0 0 0 
0.049999989569187164 0.34999996423721313 0.24999998509883881 0 0 0 0 0 0 0 0 
0.049999989569187164 0.37499997019767761 0.099999979138374329 0 0 0 0 0 0 0 0 
0.049999989569187164 0.37499997019767761 0.12499998509883881 0 0 0 0 0 0 0 0 
0.049999989569187164 0.37499997019767761 0.14999999105930328 0 0 0 0 0 0 0 0 
0.049999989569187164 0.37499997019767761 0.17499998211860657 0 0 0 0 0 0 0 0 
0.049999989569187164 0.37499997019767761 0.19999997317790985 0 0 0 0 0 0 0 0 
0.049999989569187164 0.37499997019767761 0.22499996423721313 0 0 0 0 0 0 0 0 
0.049999989569187164 0.39999997615814209 0.099999979138374329 0 0 0 0 0 0 0 0 
0.049999989569187164 0.39999997615814209 0.12499998509883881 0 0 0 0 0 0 0 0 
0.049999989569187164 0.42500001192092896 0.049999989569187164 0 0 0 0 0 0 0 0 
0.049999989569187164 0.42500001192092896 0.074999988079071045 0 0 0 0 0 0 0 0 
0.074999988079071045 0.087499991059303284 0.13750000298023224 0 0 0 0 0 0 0 0 
0.074999988079071045 0.087499991059303284 0.16249999403953552 0 0 0 0 0 0 0 0 
0.074999988079071045 0.087499991059303284 0.18749998509883881 0 0 0 0 0 0 0 0 
0.074999988079071045 0.087499991059303284 0.23749999701976776 0 0 0 0 0 0 0 0 
0.074999988079071045 0.11249998211860657 0.16249999403953552 0 0 0 0 0 0 0 0 
0.074999988079071045 0.16249997913837433 0.16249999403953552 0 0 0 0 0 0 0 0 
0.074999988079071045 0.16249997913837433 0.18749998509883881 0 0 0 0 0 0 0 0 
0.074999988079071045 0.16249997913837433 0.21249997615814209 0 0 0 0 0 0 0 0 
0.074999988079071045 0.18749997019767761 0.11249999701976776 0 0 0 0 0 0 0 0 
0.074999988079071045 0.18749997019767761 0.13750000298023224 0 0 0 0 0 0 0 0 
0.074999988079071045 0.18749997019767761 0.16249999403953552 0 0 0 0 0 0 0 0 
0.074999988079071045 0.18749997019767761 0.18749998509883881 0 0 0 0 0 0 0 0 
0.074999988079071045 0.18749997019767761 0.21249997615814209 0 0 0 0 0 0 0 0 
0.074999988079071045 0.18749997019767761 0.23749999701976776 0 0 0 0 0 0 0 0 
0.074999988079071045 0.2124999612569809 0.11249999701976776 0 0 0 0 0 0 0 0 
0.074999988079071045 0.2124999612569809 0.13750000298023224 0 0 0 0 0 0 0 0 
0.074999988079071045 0.2124999612569809 0.16249999403953552 0 0 0 0 0 0 0 0 
0.074999988079071045 0.2124999612569809 0.18749998509883881 0 0 0 0 0 0 0 0 
0.074999988079071045 0.2124999612569809 0.21249997615814209 0 0 0 0 0 0 0 0 
0.074999988079071045 0.2124999612569809 0.23749999701976776 0 0 0 0 0 0 0 0 
0.074999988079071045 0.2124999612569809 0.26249998807907104 0 0 0 0 0 0 0 0 
0.074999988079071045 0.23749995231628418 0.11249999701976776 0 0 0 0 0 0 0 0 
0.074999988079071045 0.23749995231628418 0.13750000298023224 0 0 0 0 0 0 0 0 
0.074999988079071045 0.23749995231628418 0.16249999403953552 0 0 0 0 0 0 0 0 
0.074999988079071045 0.23749995231628418 0.18749998509883881 0 0 0 0 0 0 0 0 
0.074999988079071045 0.23749995231628418 0.21249997615814209 0 0 0 0 0 0 0 0 
0.074999988079071045 0.23749995231628418 0.23749999701976776 0 0 0 0 0 0 0 0 
0.074999988079071045 0.26249995827674866 0.13750000298023224 0 0 0 0 0 0 0 0 
0.074999988079071045 0.26249995827674866 0.16249999403953552 0 0 0 0 0 0 0 0 
0.074999988079071045 0.26249995827674866 0.18749998509883881 0 0 0 0 0 0 0 0 
0.074999988079071045 0.26249995827674866 0.21249997615814209 0 0 0 0 0 0 0 0 
0.074999988079071045 0.26249995827674866 0.23749999701976776 0 0 0 0 0 0 0 0 
0.074999988079071045 0.28749996423721313 0.13750000298023224 0 0 0 0 0 0 0 0 
0.074999988079071045 0.28749996423721313 0.16249999403953552 0 0 0 0 0 0 0 0 
0.074999988079071045 0.28749996423721313 0.18749998509883881 0 0 0 0 0 0 0 0 
0.074999988079071045 0.28749996423721313 0.21249997615814209 0 0 0 0 0 0 0 0 
0.074999988079071045 0.28749996423721313 0.23749999701976776 0 0 0 0 0 0 0 0 
0.074999988079071045 0.31249994039535522 0.13750000298023224 0 0 0 0 0 0 0 0 
0.074999988079071045 0.31249994039535522 0.16249999403953552 0 0 0 0 0 0 0 0 
0.074999988079071045 0.31249994039535522 0.18749998509883881 0 0 0 0 0 0 0 0 
0.074999988079071045 0.31249994039535522 0.21249997615814209 0 0 0 0 0 0 0 0 
0.074999988079071045 0.31249994039535522 0.23749999701976776 0 0 0 0 0 0 0 0 
0.074999988079071045 0.31249994039535522 0.26249998807907104 0 0 0 0 0 0 0 0 
0.074999988079071045 0.3374999463558197 0.13750000298023224 0 0 0 0 0 0 0 0 
0.074999988079071045 0.3374999463558197 0.16249999403953552 0 0 0 0 0 0 0 0 
0.074999988079071045 0.3374999463558197 0.18749998509883881 0 0 0 0 0 0 0 0 
0.074999988079071045 0.3374999463558197 0.21249997615814209 0 0 0 0 0 0 0 0 
0.074999988079071045 0.3374999463558197 0.23749999701976776 0 0 0 0 0 0 0 0 
0.074999988079071045 0.36249995231628418 0.13750000298023224 0 0 0 0 0 0 0 0 
0.074999988079071045 0.36249995231628418 0.16249999403953552 0 0 0 0 0 0 0 0 
0.074999988079071045 0.36249995231628418 0.18749998509883881 0 0 0 0 0 0 0 0 
0.074999988079071045 0.36249995231628418 0.21249997615814209 0 0 0 0 0 0 0 0 
0.074999988079071045 0.36249995231628418 0.23749999701976776 0 0 0 0 0 0 0 0 
0.074999988079071045 0.38749995827674866 0.062499996274709702 0 0 0 0 0 0 0 0 
0.074999988079071045 0.38749995827674866 0.087499991059303284 0 0 0 0 0 0 0 0 
0.074999988079071045 0.38749995827674866 0.11249999701976776 0 0 0 0 0 0 0 0 
0.074999988079071045 0.38749995827674866 0.18749998509883881 0 0 0 0 0 0 0 0 
0.074999988079071045 0.38749995827674866 0.21249997615814209 0 0 0 0 0 0 0 0 
0.074999988079071045 0.41249996423721313 0.012499997392296791 0 0 0 0 0 0 0 0 
0.074999988079071045 0.41249996423721313 0.037500001490116119 0 0 0 0 0 0 0 0 
0.074999988079071045 0.41249996423721313 0.062499996274709702 0 0 0 0 0 0 0 0 
0.074999988079071045 0.4375 0.012499997392296791 0 0 0 0 0 0 0 0 
0.099999979138374329 0.099999994039535522 0.14999999105930328 0 0 0 0 0 0 0 0 
0.099999979138374329 0.099999994039535522 0.17499998211860657 0 0 0 0 0 0 0 0 
0.099999979138374329 0.099999994039535522 0.19999997317790985 0 0 0 0 0 0 0 0 
0.099999979138374329 0.099999994039535522 0.22499996423721313 0 0 0 0 0 0 0 0 
0.099999979138374329 0.099999994039535522 0.24999998509883881 0 0 0 0 0 0 0 0 
0.099999979138374329 0.1249999925494194 0.14999999105930328 0 0 0 0 0 0 0 0 
0.099999979138374329 0.1249999925494194 0.17499998211860657 0 0 0 0 0 0 0 0 
0.099999979138374329 0.14999999105930328 0.14999999105930328 0 0 0 0 0 0 0 0 
0.099999979138374329 0.14999999105930328 0.17499998211860657 0 0 0 0 0 0 0 0 
0.099999979138374329 0.14999999105930328 0.19999997317790985 0 0 0 0 0 0 0 0 
0.099999979138374329 0.17499998211860657 0.12499998509883881 0 0 0 0 0 0 0 0 
0.099999979138374329 0.17499998211860657 0.14999999105930328 0 0 0 0 0 0 0 0 
0.099999979138374329 0.17499998211860657 0.17499998211860657 0 0 0 0 0 0 0 0 
0.099999979138374329 0.17499998211860657 0.19999997317790985 0 0 0 0 0 0 0 0 
0.099999979138374329 0.17499998211860657 0.22499996423721313 0 0 0 0 0 0 0 0 
0.099999979138374329 0.17499998211860657 0.24999998509883881 0 0 0 0 0 0 0 0 
0.099999979138374329 0.19999997317790985 0.12499998509883881 0 0 0 0 0 0 0 0 
0.099999979138374329 0.19999997317790985 0.14999999105930328 0 0 0 0 0 0 0 0 
0.099999979138374329 0.19999997317790985 0.17499998211860657 0 0 0 0 0 0 0 0 
0.099999979138374329 0.19999997317790985 0.19999997317790985 0 0 0 0 0 0 0 0 
0.099999979138374329 0.19999997317790985 0.22499996423721313 0 0 0 0 0 0 0 0 
0.099999979138374329 0.19999997317790985 0.24999998509883881 0 0 0 0 0 0 0 0 
0.099999979138374329 0.22499996423721313 0.099999979138374329 0 0 0 0 0 0 0 0 
0.099999979138374329 0.22499996423721313 0.12499998509883881 0 0 0 0 0 0 0 0 
0.099999979138374329 0.22499996423721313 0.14999999105930328 0 0 0 0 0 0 0 0 
0.099999979138374329 0.22499996423721313 0.17499998211860657 0 0 0 0 0 0 0 0 
0.099999979138374329 0.22499996423721313 0.19999997317790985 0 0 0 0 0 0 0 0 
0.099999979138374329 0.22499996423721313 0.22499996423721313 0 0 0 0 0 0 0 0 
0.099999979138374329 0.22499996423721313 0.24999998509883881 0 0 0 0 0 0 0 0 
0.099999979138374329 0.24999997019767761 0.12499998509883881 0 0 0 0 0 0 0 0 
0.099999979138374329 0.24999997019767761 0.14999999105930328 0 0 0 0 0 0 0 0 
0.099999979138374329 0.24999997019767761 0.17499998211860657 0 0 0 0 0 0 0 0 
0.099999979138374329 0.24999997019767761 0.19999997317790985 0 0 0 0 0 0 0 0 
0.099999979138374329 0.24999997019767761 0.22499996423721313 0 0 0 0 0 0 0 0 
0.099999979138374329 0.24999997019767761 0.24999998509883881 0 0 0 0 0 0 0 0 
0.099999979138374329 0.27499997615814209 0.12499998509883881 0 0 0 0 0 0 0 0 
0.099999979138374329 0.27499997615814209 0.14999999105930328 0 0 0 0 0 0 0 0 
0.099999979138374329 0.27499997615814209 0.17499998211860657 0 0 0 0 0 0 0 0 
0.099999979138374329 0.27499997615814209 0.19999997317790985 0 0 0 0 0 0 0 0 
0.099999979138374329 0.27499997615814209 0.22499996423721313 0 0 0 0 0 0 0 0 
0.099999979138374329 0.29999995231628418 0.14999999105930328 0 0 0 0 0 0 0 0 
0.099999979138374329 0.29999995231628418 0.17499998211860657 0 0 0 0 0 0 0 0 
0.099999979138374329 0.29999995231628418 0.19999997317790985 0 0 0 0 0 0 0 0 
0.099999979138374329 0.29999995231628418 0.22499996423721313 0 0 0 0 0 0 0 0 
0.099999979138374329 0.32499995827674866 0.14999999105930328 0 0 0 0 0 0 0 0 
0.099999979138374329 0.32499995827674866 0.17499998211860657 0 0 0 0 0 0 0 0 
0.099999979138374329 0.32499995827674866 0.19999997317790985 0 0 0 0 0 0 0 0 
0.099999979138374329 0.32499995827674866 0.22499996423721313 0 0 0 0 0 0 0 0 
0.099999979138374329 0.34999996423721313 0.14999999105930328 0 0 0 0 0 0 0 0 
0.099999979138374329 0.34999996423721313 0.17499998211860657 0 0 0 0 0 0 0 0 
0.099999979138374329 0.34999996423721313 0.19999997317790985 0 0 0 0 0 0 0 0 
0.099999979138374329 0.34999996423721313 0.22499996423721313 0 0 0 0 0 0 0 0 
0.099999979138374329 0.37499997019767761 0.14999999105930328 0 0 0 0 0 0 0 0 
0.099999979138374329 0.37499997019767761 0.17499998211860657 0 0 0 0 0 0 0 0 
0.099999979138374329 0.37499997019767761 0.19999997317790985 0 0 0 0 0 0 0 0 
0.12499997019767761 0.087499991059303284 0.11249999701976776 0 0 0 0 0 0 0 0 
0.12499997019767761 0.087499991059303284 0.13750000298023224 0 0 0 0 0 0 0 0 
0.12499997019767761 0.087499991059303284 0.16249999403953552 0 0 0 0 0 0 0 0 
0.12499997019767761 0.087499991059303284 0.21249997615814209 0 0 0 0 0 0 0 0 
0.12499997019767761 0.087499991059303284 0.23749999701976776 0 0 0 0 0 0 0 0 
0.12499997019767761 0.11249998211860657 0.13750000298023224 0 0 0 0 0 0 0 0 
0.12499997019767761 0.11249998211860657 0.16249999403953552 0 0 0 0 0 0 0 0 
0.12499997019767761 0.11249998211860657 0.18749998509883881 0 0 0 0 0 0 0 0 
0.12499997019767761 0.11249998211860657 0.21249997615814209 0 0 0 0 0 0 0 0 
0.12499997019767761 0.11249998211860657 0.23749999701976776 0 0 0 0 0 0 0 0 
0.12499997019767761 0.13749998807907104 0.13750000298023224 0 0 0 0 0 0 0 0 
0.12499997019767761 0.13749998807907104 0.16249999403953552 0 0 0 0 0 0 0 0 
0.12499997019767761 0.13749998807907104 0.18749998509883881 0 0 0 0 0 0 0 0 
0.12499997019767761 0.13749998807907104 0.21249997615814209 0 0 0 0 0 0 0 0 
0.12499997019767761 0.13749998807907104 0.23749999701976776 0 0 0 0 0 0 0 0 
0.12499997019767761 0.16249997913837433 0.13750000298023224 0 0 0 0 0 0 0 0 
0.12499997019767761 0.16249997913837433 0.16249999403953552 0 0 0 0 0 0 0 0 
0.12499997019767761 0.16249997913837433 0.18749998509883881 0 0 0 0 0 0 0 0 
0.12499997019767761 0.16249997913837433 0.21249997615814209 0 0 0 0 0 0 0 0 
0.12499997019767761 0.16249997913837433 0.23749999701976776 0 0 0 0 0 0 0 0 
0.12499997019767761 0.18749997019767761 0.11249999701976776 0 0 0 0 0 0 0 0 
0.12499997019767761 0.18749997019767761 0.13750000298023224 0 0 0 0 0 0 0 0 
0.12499997019767761 0.18749997019767761 0.16249999403953552 0 0 0 0 0 0 0 0 
0.12499997019767761 0.18749997019767761 0.18749998509883881 0 0 0 0 0 0 0 0 
0.12499997019767761 0.18749997019767761 0.21249997615814209 0 0 0 0 0 0 0 0 
0.12499997019767761 0.18749997019767761 0.23749999701976776 0 0 0 0 0 0 0 0 
0.12499997019767761 0.2124999612569809 0.11249999701976776 0 0 0 0 0 0 0 0 
0.12499997019767761 0.2124999612569809 0.13750000298023224 0 0 0 0 0 0 0 0 
0.12499997019767761 0.2124999612569809 0.16249999403953552 0 0 0 0 0 0 0 0 
0.12499997019767761 0.2124999612569809 0.18749998509883881 0 0 0 0 0 0 0 0 
0.12499997019767761 0.2124999612569809 0.21249997615814209 0 0 0 0 0 0 0 0 
0.12499997019767761 0.2124999612569809 0.23749999701976776 0 0 0 0 0 0 0 0 
0.12499997019767761 0.23749995231628418 0.11249999701976776 0 0 0 0 0 0 0 0 
0.12499997019767761 0.23749995231628418 0.13750000298023224 0 0 0 0 0 0 0 0 
0.12499997019767761 0.23749995231628418 0.16249999403953552 0 0 0 0 0 0 0 0 
0.12499997019767761 0.23749995231628418 0.18749998509883881 0 0 0 0 0 0 0 0 
0.12499997019767761 0.23749995231628418 0.21249997615814209 0 0 0 0 0 0 0 0 
0.12499997019767761 0.23749995231628418 0.23749999701976776 0 0 0 0 0 0 0 0 
0.12499997019767761 0.26249995827674866 0.11249999701976776 0 0 0 0 0 0 0 0 
0.12499997019767761 0.26249995827674866 0.13750000298023224 0 0 0 0 0 0 0 0 
0.12499997019767761 0.26249995827674866 0.16249999403953552 0 0 0 0 0 0 0 0 
0.12499997019767761 0.26249995827674866 0.18749998509883881 0 0 0 0 0 0 0 0 
0.12499997019767761 0.26249995827674866 0.21249997615814209 0 0 0 0 0 0 0 0 
0.12499997019767761 0.26249995827674866 0.23749999701976776 0 0 0 0 0 0 0 0 
0.12499997019767761 0.28749996423721313 0.13750000298023224 0 0 0 0 0 0 0 0 
0.12499997019767761 0.28749996423721313 0.16249999403953552 0 0 0 0 0 0 0 0 
0.12499997019767761 0.28749996423721313 0.18749998509883881 0 0 0 0 0 0 0 0 
0.12499997019767761 0.28749996423721313 0.21249997615814209 0 0 0 0 0 0 0 0 
0.12499997019767761 0.28749996423721313 0.23749999701976776 0 0 0 0 0 0 0 0 
0.12499997019767761 0.31249994039535522 0.13750000298023224 0 0 0 0 0 0 0 0 
0.12499997019767761 0.31249994039535522 0.16249999403953552 0 0 0 0 0 0 0 0 
0.12499997019767761 0.31249994039535522 0.18749998509883881 0 0 0 0 0 0 0 0 
0.12499997019767761 0.38749995827674866 0.13750000298023224 0 0 0 0 0 0 0 0 
0.12499997019767761 0.38749995827674866 0.16249999403953552 0 0 0 0 0 0 0 0 
0.12499997019767761 0.41249996423721313 0.13750000298023224 0 0 0 0 0 0 0 0 
0.12499997019767761 0.41249996423721313 0.16249999403953552 0 0 0 0 0 0 0 0 
0.14999997615814209 0.099999994039535522 0.099999979138374329 0 0 0 0 0 0 0 0 
0.14999997615814209 0.099999994039535522 0.12499998509883881 0 0 0 0 0 0 0 0 
0.14999997615814209 0.099999994039535522 0.14999999105930328 0 0 0 0 0 0 0 0 
0.14999997615814209 0.099999994039535522 0.17499998211860657 0 0 0 0 0 0 0 0 
0.14999997615814209 0.099999994039535522 0.19999997317790985 0 0 0 0 0 0 0 0 
0.14999997615814209 0.099999994039535522 0.22499996423721313 0 0 0 0 0 0 0 0 
0.14999997615814209 0.099999994039535522 0.24999998509883881 0 0 0 0 0 0 0 0 
0.14999997615814209 0.1249999925494194 0.12499998509883881 0 0 0 0 0 0 0 0 
0.14999997615814209 0.1249999925494194 0.14999999105930328 0 0 0 0 0 0 0 0 
0.14999997615814209 0.1249999925494194 0.17499998211860657 0 0 0 0 0 0 0 0 
0.14999997615814209 0.1249999925494194 0.19999997317790985 0 0 0 0 0 0 0 0 
0.14999997615814209 0.1249999925494194 0.22499996423721313 0 0 0 0 0 0 0 0 
0.14999997615814209 0.14999999105930328 0.12499998509883881 0 0 0 0 0 0 0 0 
0.14999997615814209 0.14999999105930328 0.14999999105930328 0 0 0 0 0 0 0 0 
0.14999997615814209 0.14999999105930328 0.17499998211860657 0 0 0 0 0 0 0 0 
0.14999997615814209 0.14999999105930328 0.19999997317790985 0 0 0 0 0 0 0 0 
0.14999997615814209 0.14999999105930328 0.22499996423721313 0 0 0 0 0 0 0 0 
0.14999997615814209 0.14999999105930328 0.24999998509883881 0 0 0 0 0 0 0 0 
0.14999997615814209 0.17499998211860657 0.12499998509883881 0 0 0 0 0 0 0 0 
0.14999997615814209 0.17499998211860657 0.14999999105930328 0 0 0 0 0 0 0 0 
0.14999997615814209 0.17499998211860657 0.17499998211860657 0 0 0 0 0 0 0 0 
0.14999997615814209 0.17499998211860657 0.19999997317790985 0 0 0 0 0 0 0 0 
0.14999997615814209 0.17499998211860657 0.22499996423721313 0 0 0 0 0 0 0 0 
0.14999997615814209 0.17499998211860657 0.24999998509883881 0 0 0 0 0 0 0 0 
0.14999997615814209 0.19999997317790985 0.099999979138374329 0 0 0 0 0 0 0 0 
0.14999997615814209 0.19999997317790985 0.12499998509883881 0 0 0 0 0 0 0 0 
0.14999997615814209 0.19999997317790985 0.14999999105930328 0 0 0 0 0 0 0 0 
0.14999997615814209 0.19999997317790985 0.17499998211860657 0 0 0 0 0 0 0 0 
0.14999997615814209 0.19999997317790985 0.19999997317790985 0 0 0 0 0 0 0 0 
0.14999997615814209 0.19999997317790985 0.22499996423721313 0 0 0 0 0 0 0 0 
0.14999997615814209 0.19999997317790985 0.24999998509883881 0 0 0 0 0 0 0 0 
0.14999997615814209 0.22499996423721313 0.099999979138374329 0 0 0 0 0 0 0 0 
0.14999997615814209 0.22499996423721313 0.12499998509883881 0 0 0 0 0 0 0 0 
0.14999997615814209 0.22499996423721313 0.14999999105930328 0 0 0 0 0 0 0 0 
0.14999997615814209 0.22499996423721313 0.17499998211860657 0 0 0 0 0 0 0 0 
0.14999997615814209 0.22499996423721313 0.19999997317790985 0 0 0 0 0 0 0 0 
0.14999997615814209 0.22499996423721313 0.22499996423721313 0 0 0 0 0 0 0 0 
0.14999997615814209 0.22499996423721313 0.24999998509883881 0 0 0 0 0 0 0 0 
0.14999997615814209 0.24999997019767761 0.099999979138374329 0 0 0 0 0 0 0 0 
0.14999997615814209 0.24999997019767761 0.12499998509883881 0 0 0 0 0 0 0 0 
0.14999997615814209 0.24999997019767761 0.14999999105930328 0 0 0 0 0 0 0 0 
0.14999997615814209 0.24999997019767761 0.17499998211860657 0 0 0 0 0 0 0 0 
0.14999997615814209 0.24999997019767761 0.19999997317790985 0 0 0 0 0 0 0 0 
0.14999997615814209 0.24999997019767761 0.22499996423721313 0 0 0 0 0 0 0 0 
0.14999997615814209 0.24999997019767761 0.24999998509883881 0 0 0 0 0 0 0 0 
0.14999997615814209 0.27499997615814209 0.12499998509883881 0 0 0 0 0 0 0 0 
0.14999997615814209 0.27499997615814209 0.14999999105930328 0 0 0 0 0 0 0 0 
0.14999997615814209 0.27499997615814209 0.17499998211860657 0 0 0 0 0 0 0 0 
0.14999997615814209 0.27499997615814209 0.19999997317790985 0 0 0 0 0 0 0 0 
0.14999997615814209 0.27499997615814209 0.22499996423721313 0 0 0 0 0 0 0 0 
0.14999997615814209 0.29999995231628418 0.14999999105930328 0 0 0 0 0 0 0 0 
0.14999997615814209 0.29999995231628418 0.17499998211860657 0 0 0 0 0 0 0 0 
0.14999997615814209 0.29999995231628418 0.19999997317790985 0 0 0 0 0 0 0 0 
0.14999997615814209 0.29999995231628418 0.22499996423721313 0 0 0 0 0 0 0 0 
0.14999997615814209 0.39999997615814209 0.12499998509883881 0 0 0 0 0 0 0 0 
0.14999997615814209 0.39999997615814209 0.14999999105930328 0 0 0 0 0 0 0 0 
0.14999997615814209 0.42500001192092896 0.12499998509883881 0 0 0 0 0 0 0 0 
0.17499996721744537 0.087499991059303284 0.087499991059303284 0 0 0 0 0 0 0 0 
0.17499996721744537 0.087499991059303284 0.18749998509883881 0 0 0 0 0 0 0 0 
0.17499996721744537 0.087499991059303284 0.21249997615814209 0 0 0 0 0 0 0 0 
0.17499996721744537 0.087499991059303284 0.26249998807907104 0 0 0 0 0 0 0 0 
0.17499996721744537 0.11249998211860657 0.087499991059303284 0 0 0 0 0 0 0 0 
0.17499996721744537 0.11249998211860657 0.11249999701976776 0 0 0 0 0 0 0 0 
0.17499996721744537 0.11249998211860657 0.13750000298023224 0 0 0 0 0 0 0 0 
0.17499996721744537 0.11249998211860657 0.16249999403953552 0 0 0 0 0 0 0 0 
0.17499996721744537 0.11249998211860657 0.18749998509883881 0 0 0 0 0 0 0 0 
0.17499996721744537 0.11249998211860657 0.21249997615814209 0 0 0 0 0 0 0 0 
0.17499996721744537 0.11249998211860657 0.23749999701976776 0 0 0 0 0 0 0 0 
0.17499996721744537 0.11249998211860657 0.26249998807907104 0 0 0 0 0 0 0 0 
0.17499996721744537 0.13749998807907104 0.087499991059303284 0 0 0 0 0 0 0 0 
0.17499996721744537 0.13749998807907104 0.11249999701976776 0 0 0 0 0 0 0 0 
0.17499996721744537 0.13749998807907104 0.13750000298023224 0 0 0 0 0 0 0 0 
0.17499996721744537 0.13749998807907104 0.16249999403953552 0 0 0 0 0 0 0 0 
0.17499996721744537 0.13749998807907104 0.18749998509883881 0 0 0 0 0 0 0 0 
0.17499996721744537 0.13749998807907104 0.21249997615814209 0 0 0 0 0 0 0 0 
0.17499996721744537 0.13749998807907104 0.23749999701976776 0 0 0 0 0 0 0 0 
0.17499996721744537 0.16249997913837433 0.087499991059303284 0 0 0 0 0 0 0 0 
0.17499996721744537 0.16249997913837433 0.11249999701976776 0 0 0 0 0 0 0 0 
0.17499996721744537 0.16249997913837433 0.13750000298023224 0 0 0 0 0 0 0 0 
0.17499996721744537 0.16249997913837433 0.16249999403953552 0 0 0 0 0 0 0 0 
0.17499996721744537 0.16249997913837433 0.18749998509883881 0 0 0 0 0 0 0 0 
0.17499996721744537 0.16249997913837433 0.21249997615814209 0 0 0 0 0 0 0 0 
0.17499996721744537 0.16249997913837433 0.23749999701976776 0 0 0 0 0 0 0 0 
0.17499996721744537 0.18749997019767761 0.062499996274709702 0 0 0 0 0 0 0 0 
0.17499996721744537 0.18749997019767761 0.087499991059303284 0 0 0 0 0 0 0 0 
0.17499996721744537 0.18749997019767761 0.11249999701976776 0 0 0 0 0 0 0 0 
0.17499996721744537 0.18749997019767761 0.13750000298023224 0 0 0 0 0 0 0 0 
0.17499996721744537 0.18749997019767761 0.16249999403953552 0 0 0 0 0 0 0 0 
0.17499996721744537 0.18749997019767761 0.18749998509883881 0 0 0 0 0 0 0 0 
0.17499996721744537 0.18749997019767761 0.21249997615814209 0 0 0 0 0 0 0 0 
0.17499996721744537 0.18749997019767761 0.23749999701976776 0 0 0 0 0 0 0 0 
0.17499996721744537 0.18749997019767761 0.26249998807907104 0 0 0 0 0 0 0 0 
0.17499996721744537 0.2124999612569809 0.062499996274709702 0 0 0 0 0 0 0 0 
0.17499996721744537 0.2124999612569809 0.087499991059303284 0 0 0 0 0 0 0 0 
0.17499996721744537 0.2124999612569809 0.11249999701976776 0 0 0 0 0 0 0 0 
0.17499996721744537 0.2124999612569809 0.13750000298023224 0 0 0 0 0 0 0 0 
0.17499996721744537 0.2124999612569809 0.16249999403953552 0 0 0 0 0 0 0 0 
0.17499996721744537 0.2124999612569809 0.18749998509883881 0 0 0 0 0 0 0 0 
0.17499996721744537 0.2124999612569809 0.21249997615814209 0 0 0 0 0 0 0 0 
0.17499996721744537 0.2124999612569809 0.23749999701976776 0 0 0 0 0 0 0 0 
0.17499996721744537 0.2124999612569809 0.26249998807907104 0 0 0 0 0 0 0 0 
0.17499996721744537 0.23749995231628418 0.087499991059303284 0 0 0 0 0 0 0 0 
0.17499996721744537 0.23749995231628418 0.11249999701976776 0 0 0 0 0 0 0 0 
0.17499996721744537 0.23749995231628418 0.13750000298023224 0 0 0 0 0 0 0 0 
0.17499996721744537 0.23749995231628418 0.16249999403953552 0 0 0 0 0 0 0 0 
0.17499996721744537 0.23749995231628418 0.18749998509883881 0 0 0 0 0 0 0 0 
0.17499996721744537 0.23749995231628418 0.21249997615814209 0 0 0 0 0 0 0 0 
0.17499996721744537 0.23749995231628418 0.23749999701976776 0 0 0 0 0 0 0 0 
0.17499996721744537 0.23749995231628418 0.26249998807907104 0 0 0 0 0 0 0 0 
0.17499996721744537 0.26249995827674866 0.11249999701976776 0 0 0 0 0 0 0 0 
0.17499996721744537 0.26249995827674866 0.13750000298023224 0 0 0 0 0 0 0 0 
0.17499996721744537 0.26249995827674866 0.16249999403953552 0 0 0 0 0 0 0 0 
0.17499996721744537 0.26249995827674866 0.18749998509883881 0 0 0 0 0 0 0 0 
0.17499996721744537 0.26249995827674866 0.21249997615814209 0 0 0 0 0 0 0 0 
0.17499996721744537 0.26249995827674866 0.23749999701976776 0 0 0 0 0 0 0 0 
0.17499996721744537 0.28749996423721313 0.13750000298023224 0 0 0 0 0 0 0 0 
0.17499996721744537 0.28749996423721313 0.16249999403953552 0 0 0 0 0 0 0 0 
0.17499996721744537 0.28749996423721313 0.18749998509883881 0 0 0 0 0 0 0 0 
0.17499996721744537 0.28749996423721313 0.21249997615814209 0 0 0 0 0 0 0 0 
0.17499996721744537 0.28749996423721313 0.23749999701976776 0 0 0 0 0 0 0 0 
0.17499996721744537 0.31249994039535522 0.16249999403953552 0 0 0 0 0 0 0 0 
0.17499996721744537 0.31249994039535522 0.18749998509883881 0 0 0 0 0 0 0 0 
0.17499996721744537 0.41249996423721313 0.11249999701976776 0 0 0 0 0 0 0 0 
0.17499996721744537 0.4375 0.11249999701976776 0 0 0 0 0 0 0 0 
0.19999995827674866 0.099999994039535522 0.099999979138374329 0 0 0 0 0 0 0 0 
0.19999995827674866 0.099999994039535522 0.12499998509883881 0 0 0 0 0 0 0 0 
0.19999995827674866 0.099999994039535522 0.14999999105930328 0 0 0 0 0 0 0 0 
0.19999995827674866 0.099999994039535522 0.17499998211860657 0 0 0 0 0 0 0 0 
0.19999995827674866 0.099999994039535522 0.19999997317790985 0 0 0 0 0 0 0 0 
0.19999995827674866 0.099999994039535522 0.22499996423721313 0 0 0 0 0 0 0 0 
0.19999995827674866 0.099999994039535522 0.24999998509883881 0 0 0 0 0 0 0 0 
0.19999995827674866 0.099999994039535522 0.27499997615814209 0 0 0 0 0 0 0 0 
0.19999995827674866 0.1249999925494194 0.099999979138374329 0 0 0 0 0 0 0 0 
0.19999995827674866 0.1249999925494194 0.12499998509883881 0 0 0 0 0 0 0 0 
0.19999995827674866 0.1249999925494194 0.14999999105930328 0 0 0 0 0 0 0 0 
0.19999995827674866 0.1249999925494194 0.17499998211860657 0 0 0 0 0 0 0 0 
0.19999995827674866 0.1249999925494194 0.19999997317790985 0 0 0 0 0 0 0 0 
0.19999995827674866 0.1249999925494194 0.22499996423721313 0 0 0 0 0 0 0 0 
0.19999995827674866 0.1249999925494194 0.24999998509883881 0 0 0 0 0 0 0 0 
0.19999995827674866 0.1249999925494194 0.27499997615814209 0 0 0 0 0 0 0 0 
0.19999995827674866 0.14999999105930328 0.074999988079071045 0 0 0 0 0 0 0 0 
0.19999995827674866 0.14999999105930328 0.099999979138374329 0 0 0 0 0 0 0 0 
0.19999995827674866 0.14999999105930328 0.12499998509883881 0 0 0 0 0 0 0 0 
0.19999995827674866 0.14999999105930328 0.14999999105930328 0 0 0 0 0 0 0 0 
0.19999995827674866 0.14999999105930328 0.17499998211860657 0 0 0 0 0 0 0 0 
0.19999995827674866 0.14999999105930328 0.19999997317790985 0 0 0 0 0 0 0 0 
0.19999995827674866 0.14999999105930328 0.22499996423721313 0 0 0 0 0 0 0 0 
0.19999995827674866 0.14999999105930328 0.24999998509883881 0 0 0 0 0 0 0 0 
0.19999995827674866 0.14999999105930328 0.27499997615814209 0 0 0 0 0 0 0 0 
0.19999995827674866 0.17499998211860657 0.074999988079071045 0 0 0 0 0 0 0 0 
0.19999995827674866 0.17499998211860657 0.099999979138374329 0 0 0 0 0 0 0 0 
0.19999995827674866 0.17499998211860657 0.12499998509883881 0 0 0 0 0 0 0 0 
0.19999995827674866 0.17499998211860657 0.14999999105930328 0 0 0 0 0 0 0 0 
0.19999995827674866 0.17499998211860657 0.17499998211860657 0 0 0 0 0 0 0 0 
0.19999995827674866 0.17499998211860657 0.19999997317790985 0 0 0 0 0 0 0 0 
0.19999995827674866 0.17499998211860657 0.22499996423721313 0 0 0 0 0 0 0 0 
0.19999995827674866 0.17499998211860657 0.24999998509883881 0 0 0 0 0 0 0 0 
0.19999995827674866 0.17499998211860657 0.27499997615814209 0 0 0 0 0 0 0 0 
0.19999995827674866 0.19999997317790985 0.074999988079071045 0 0 0 0 0 0 0 0 
0.19999995827674866 0.19999997317790985 0.099999979138374329 0 0 0 0 0 0 0 0 
0.19999995827674866 0.19999997317790985 0.12499998509883881 0 0 0 0 0 0 0 0 
0.19999995827674866 0.19999997317790985 0.14999999105930328 0 0 0 0 0 0 0 0 
0.19999995827674866 0.19999997317790985 0.17499998211860657 0 0 0 0 0 0 0 0 
0.19999995827674866 0.19999997317790985 0.19999997317790985 0 0 0 0 0 0 0 0 
0.19999995827674866 0.19999997317790985 0.22499996423721313 0 0 0 0 0 0 0 0 
0.19999995827674866 0.19999997317790985 0.24999998509883881 0 0 0 0 0 0 0 0 
0.19999995827674866 0.19999997317790985 0.27499997615814209 0 0 0 0 0 0 0 0 
0.19999995827674866 0.22499996423721313 0.074999988079071045 0 0 0 0 0 0 0 0 
0.19999995827674866 0.22499996423721313 0.099999979138374329 0 0 0 0 0 0 0 0 
0.19999995827674866 0.22499996423721313 0.12499998509883881 0 0 0 0 0 0 0 0 
0.19999995827674866 0.22499996423721313 0.14999999105930328 0 0 0 0 0 0 0 0 
0.19999995827674866 0.22499996423721313 0.17499998211860657 0 0 0 0 0 0 0 0 
0.19999995827674866 0.22499996423721313 0.19999997317790985 0 0 0 0 0 0 0 0 
0.19999995827674866 0.22499996423721313 0.22499996423721313 0 0 0 0 0 0 0 0 
0.19999995827674866 0.22499996423721313 0.24999998509883881 0 0 0 0 0 0 0 0 
0.19999995827674866 0.22499996423721313 0.27499997615814209 0 0 0 0 0 0 0 0 
0.19999995827674866 0.24999997019767761 0.099999979138374329 0 0 0 0 0 0 0 0 
0.19999995827674866 0.24999997019767761 0.12499998509883881 0 0 0 0 0 0 0 0 
0.19999995827674866 0.24999997019767761 0.14999999105930328 0 0 0 0 0 0 0 0 
0.19999995827674866 0.24999997019767761 0.17499998211860657 0 0 0 0 0 0 0 0 
0.19999995827674866 0.24999997019767761 0.19999997317790985 0 0 0 0 0 0 0 0 
0.19999995827674866 0.24999997019767761 0.22499996423721313 0 0 0 0 0 0 0 0 
0.19999995827674866 0.24999997019767761 0.24999998509883881 0 0 0 0 0 0 0 0 
0.19999995827674866 0.27499997615814209 0.12499998509883881 0 0 0 0 0 0 0 0 
0.19999995827674866 0.27499997615814209 0.14999999105930328 0 0 0 0 0 0 0 0 
0.19999995827674866 0.27499997615814209 0.17499998211860657 0 0 0 0 0 0 0 0 
0.19999995827674866 0.27499997615814209 0.19999997317790985 0 0 0 0 0 0 0 0 
0.19999995827674866 0.27499997615814209 0.22499996423721313 0 0 0 0 0 0 0 0 
0.19999995827674866 0.27499997615814209 0.24999998509883881 0 0 0 0 0 0 0 0 
0.19999995827674866 0.29999995231628418 0.12499998509883881 0 0 0 0 0 0 0 0 
0.19999995827674866 0.29999995231628418 0.14999999105930328 0 0 0 0 0 0 0 0 
0.19999995827674866 0.29999995231628418 0.17499998211860657 0 0 0 0 0 0 0 0 
0.19999995827674866 0.29999995231628418 0.19999997317790985 0 0 0 0 0 0 0 0 
0.19999995827674866 0.29999995231628418 0.22499996423721313 0 0 0 0 0 0 0 0 
0.19999995827674866 0.42500001192092896 0.099999979138374329 0 0 0 0 0 0 0 0 
0.22499996423721313 0.087499991059303284 0.26249998807907104 0 0 0 0 0 0 0 0 
0.22499996423721313 0.11249998211860657 0.087499991059303284 0 0 0 0 0 0 0 0 
0.22499996423721313 0.11249998211860657 0.11249999701976776 0 0 0 0 0 0 0 0 
0.22499996423721313 0.11249998211860657 0.13750000298023224 0 0 0 0 0 0 0 0 
0.22499996423721313 0.11249998211860657 0.16249999403953552 0 0 0 0 0 0 0 0 
0.22499996423721313 0.11249998211860657 0.18749998509883881 0 0 0 0 0 0 0 0 
0.22499996423721313 0.11249998211860657 0.21249997615814209 0 0 0 0 0 0 0 0 
0.22499996423721313 0.11249998211860657 0.23749999701976776 0 0 0 0 0 0 0 0 
0.22499996423721313 0.11249998211860657 0.26249998807907104 0 0 0 0 0 0 0 0 
0.22499996423721313 0.13749998807907104 0.087499991059303284 0 0 0 0 0 0 0 0 
0.22499996423721313 0.13749998807907104 0.11249999701976776 0 0 0 0 0 0 0 0 
0.22499996423721313 0.13749998807907104 0.13750000298023224 0 0 0 0 0 0 0 0 
0.22499996423721313 0.13749998807907104 0.16249999403953552 0 0 0 0 0 0 0 0 
0.22499996423721313 0.13749998807907104 0.18749998509883881 0 0 0 0 0 0 0 0 
0.22499996423721313 0.13749998807907104 0.21249997615814209 0 0 0 0 0 0 0 0 
0.22499996423721313 0.13749998807907104 0.23749999701976776 0 0 0 0 0 0 0 0 
0.22499996423721313 0.13749998807907104 0.26249998807907104 0 0 0 0 0 0 0 0 
0.22499996423721313 0.13749998807907104 0.28749999403953552 0 0 0 0 0 0 0 0 
0.22499996423721313 0.16249997913837433 0.087499991059303284 0 0 0 0 0 0 0 0 
0.22499996423721313 0.16249997913837433 0.11249999701976776 0 0 0 0 0 0 0 0 
0.22499996423721313 0.16249997913837433 0.13750000298023224 0 0 0 0 0 0 0 0 
0.22499996423721313 0.16249997913837433 0.16249999403953552 0 0 0 0 0 0 0 0 
0.22499996423721313 0.16249997913837433 0.18749998509883881 0 0 0 0 0 0 0 0 
0.22499996423721313 0.16249997913837433 0.21249997615814209 0 0 0 0 0 0 0 0 
0.22499996423721313 0.16249997913837433 0.23749999701976776 0 0 0 0 0 0 0 0 
0.22499996423721313 0.16249997913837433 0.26249998807907104 0 0 0 0 0 0 0 0 
0.22499996423721313 0.16249997913837433 0.28749999403953552 0 0 0 0 0 0 0 0 
0.22499996423721313 0.18749997019767761 0.062499996274709702 0 0 0 0 0 0 0 0 
0.22499996423721313 0.18749997019767761 0.087499991059303284 0 0 0 0 0 0 0 0 
0.22499996423721313 0.18749997019767761 0.11249999701976776 0 0 0 0 0 0 0 0 
0.22499996423721313 0.18749997019767761 0.13750000298023224 0 0 0 0 0 0 0 0 
0.22499996423721313 0.18749997019767761 0.16249999403953552 0 0 0 0 0 0 0 0 
0.22499996423721313 0.18749997019767761 0.18749998509883881 0 0 0 0 0 0 0 0 
0.22499996423721313 0.18749997019767761 0.21249997615814209 0 0 0 0 0 0 0 0 
0.22499996423721313 0.18749997019767761 0.23749999701976776 0 0 0 0 0 0 0 0 
0.22499996423721313 0.18749997019767761 0.26249998807907104 0 0 0 0 0 0 0 0 
0.22499996423721313 0.18749997019767761 0.28749999403953552 0 0 0 0 0 0 0 0 
0.22499996423721313 0.2124999612569809 0.062499996274709702 0 0 0 0 0 0 0 0 
0.22499996423721313 0.2124999612569809 0.087499991059303284 0 0 0 0 0 0 0 0 
0.22499996423721313 0.2124999612569809 0.11249999701976776 0 0 0 0 0 0 0 0 
0.22499996423721313 0.2124999612569809 0.13750000298023224 0 0 0 0 0 0 0 0 
0.22499996423721313 0.2124999612569809 0.16249999403953552 0 0 0 0 0 0 0 0 
0.22499996423721313 0.2124999612569809 0.18749998509883881 0 0 0 0 0 0 0 0 
0.22499996423721313 0.2124999612569809 0.21249997615814209 0 0 0 0 0 0 0 0 
0.22499996423721313 0.2124999612569809 0.23749999701976776 0 0 0 0 0 0 0 0 
0.22499996423721313 0.2124999612569809 0.26249998807907104 0 0 0 0 0 0 0 0 
0.22499996423721313 0.2124999612569809 0.28749999403953552 0 0 0 0 0 0 0 0 
0.22499996423721313 0.23749995231628418 0.087499991059303284 0 0 0 0 0 0 0 0 
0.22499996423721313 0.23749995231628418 0.11249999701976776 0 0 0 0 0 0 0 0 
0.22499996423721313 0.23749995231628418 0.13750000298023224 0 0 0 0 0 0 0 0 
0.22499996423721313 0.23749995231628418 0.16249999403953552 0 0 0 0 0 0 0 0 
0.22499996423721313 0.23749995231628418 0.18749998509883881 0 0 0 0 0 0 0 0 
0.22499996423721313 0.23749995231628418 0.21249997615814209 0 0 0 0 0 0 0 0 
0.22499996423721313 0.23749995231628418 0.23749999701976776 0 0 0 0 0 0 0 0 
0.22499996423721313 0.23749995231628418 0.26249998807907104 0 0 0 0 0 0 0 0 
0.22499996423721313 0.23749995231628418 0.28749999403953552 0 0 0 0 0 0 0 0 
0.22499996423721313 0.26249995827674866 0.11249999701976776 0 0 0 0 0 0 0 0 
0.22499996423721313 0.26249995827674866 0.13750000298023224 0 0 0 0 0 0 0 0 
0.22499996423721313 0.26249995827674866 0.16249999403953552 0 0 0 0 0 0 0 0 
0.22499996423721313 0.26249995827674866 0.18749998509883881 0 0 0 0 0 0 0 0 
0.22499996423721313 0.26249995827674866 0.21249997615814209 0 0 0 0 0 0 0 0 
0.22499996423721313 0.26249995827674866 0.23749999701976776 0 0 0 0 0 0 0 0 
0.22499996423721313 0.26249995827674866 0.26249998807907104 0 0 0 0 0 0 0 0 
0.22499996423721313 0.28749996423721313 0.11249999701976776 0 0 0 0 0 0 0 0 
0.22499996423721313 0.28749996423721313 0.13750000298023224 0 0 0 0 0 0 0 0 
0.22499996423721313 0.28749996423721313 0.16249999403953552 0 0 0 0 0 0 0 0 
0.22499996423721313 0.28749996423721313 0.18749998509883881 0 0 0 0 0 0 0 0 
0.22499996423721313 0.28749996423721313 0.21249997615814209 0 0 0 0 0 0 0 0 
0.22499996423721313 0.28749996423721313 0.23749999701976776 0 0 0 0 0 0 0 0 
0.22499996423721313 0.31249994039535522 0.13750000298023224 0 0 0 0 0 0 0 0 
0.22499996423721313 0.31249994039535522 0.16249999403953552 0 0 0 0 0 0 0 0 
0.22499996423721313 0.31249994039535522 0.18749998509883881 0 0 0 0 0 0 0 0 
0.22499996423721313 0.31249994039535522 0.21249997615814209 0 0 0 0 0 0 0 0 
0.24999997019767761 0.099999994039535522 0.099999979138374329 0 0 0 0 0 0 0 0 
0.24999997019767761 0.099999994039535522 0.12499998509883881 0 0 0 0 0 0 0 0 
0.24999997019767761 0.099999994039535522 0.14999999105930328 0 0 0 0 0 0 0 0 
0.24999997019767761 0.099999994039535522 0.17499998211860657 0 0 0 0 0 0 0 0 
0.24999997019767761 0.099999994039535522 0.19999997317790985 0 0 0 0 0 0 0 0 
0.24999997019767761 0.099999994039535522 0.22499996423721313 0 0 0 0 0 0 0 0 
0.24999997019767761 0.099999994039535522 0.24999998509883881 0 0 0 0 0 0 0 0 
0.24999997019767761 0.1249999925494194 0.099999979138374329 0 0 0 0 0 0 0 0 
0.24999997019767761 0.1249999925494194 0.12499998509883881 0 0 0 0 0 0 0 0 
0.24999997019767761 0.1249999925494194 0.14999999105930328 0 0 0 0 0 0 0 0 
0.24999997019767761 0.1249999925494194 0.17499998211860657 0 0 0 0 0 0 0 0 
0.24999997019767761 0.1249999925494194 0.19999997317790985 0 0 0 0 0 0 0 0 
0.24999997019767761 0.1249999925494194 0.22499996423721313 0 0 0 0 0 0 0 0 
0.24999997019767761 0.1249999925494194 0.24999998509883881 0 0 0 0 0 0 0 0 
0.24999997019767761 0.1249999925494194 0.27499997615814209 0 0 0 0 0 0 0 0 
0.24999997019767761 0.14999999105930328 0.074999988079071045 0 0 0 0 0 0 0 0 
0.24999997019767761 0.14999999105930328 0.099999979138374329 0 0 0 0 0 0 0 0 
0.24999997019767761 0.14999999105930328 0.12499998509883881 0 0 0 0 0 0 0 0 
0.24999997019767761 0.14999999105930328 0.14999999105930328 0 0 0 0 0 0 0 0 
0.24999997019767761 0.14999999105930328 0.17499998211860657 0 0 0 0 0 0 0 0 
0.24999997019767761 0.14999999105930328 0.19999997317790985 0 0 0 0 0 0 0 0 
0.24999997019767761 0.14999999105930328 0.22499996423721313 0 0 0 0 0 0 0 0 
0.24999997019767761 0.14999999105930328 0.24999998509883881 0 0 0 0 0 0 0 0 
0.24999997019767761 0.14999999105930328 0.27499997615814209 0 0 0 0 0 0 0 0 
0.24999997019767761 0.17499998211860657 0.074999988079071045 0 0 0 0 0 0 0 0 
0.24999997019767761 0.17499998211860657 0.099999979138374329 0 0 0 0 0 0 0 0 
0.24999997019767761 0.17499998211860657 0.12499998509883881 0 0 0 0 0 0 0 0 
0.24999997019767761 0.17499998211860657 0.14999999105930328 0 0 0 0 0 0 0 0 
0.24999997019767761 0.17499998211860657 0.17499998211860657 0 0 0 0 0 0 0 0 
0.24999997019767761 0.17499998211860657 0.19999997317790985 0 0 0 0 0 0 0 0 
0.24999997019767761 0.17499998211860657 0.22499996423721313 0 0 0 0 0 0 0 0 
0.24999997019767761 0.17499998211860657 0.24999998509883881 0 0 0 0 0 0 0 0 
0.24999997019767761 0.17499998211860657 0.27499997615814209 0 0 0 0 0 0 0 0 
0.24999997019767761 0.19999997317790985 0.074999988079071045 0 0 0 0 0 0 0 0 
0.24999997019767761 0.19999997317790985 0.099999979138374329 0 0 0 0 0 0 0 0 
0.24999997019767761 0.19999997317790985 0.12499998509883881 0 0 0 0 0 0 0 0 
0.24999997019767761 0.19999997317790985 0.14999999105930328 0 0 0 0 0 0 0 0 
0.24999997019767761 0.19999997317790985 0.17499998211860657 0 0 0 0 0 0 0 0 
0.24999997019767761 0.19999997317790985 0.19999997317790985 0 0 0 0 0 0 0 0 
0.24999997019767761 0.19999997317790985 0.22499996423721313 0 0 0 0 0 0 0 0 
0.24999997019767761 0.19999997317790985 0.24999998509883881 0 0 0 0 0 0 0 0 
0.24999997019767761 0.19999997317790985 0.27499997615814209 0 0 0 0 0 0 0 0 
0.24999997019767761 0.22499996423721313 0.074999988079071045 0 0 0 0 0 0 0 0 
0.24999997019767761 0.22499996423721313 0.099999979138374329 0 0 0 0 0 0 0 0 
0.24999997019767761 0.22499996423721313 0.12499998509883881 0 0 0 0 0 0 0 0 
0.24999997019767761 0.22499996423721313 0.14999999105930328 0 0 0 0 0 0 0 0 
0.24999997019767761 0.22499996423721313 0.17499998211860657 0 0 0 0 0 0 0 0 
0.24999997019767761 0.22499996423721313 0.19999997317790985 0 0 0 0 0 0 0 0 
0.24999997019767761 0.22499996423721313 0.22499996423721313 0 0 0 0 0 0 0 0 
0.24999997019767761 0.22499996423721313 0.24999998509883881 0 0 0 0 0 0 0 0 
0.24999997019767761 0.22499996423721313 0.27499997615814209 0 0 0 0 0 0 0 0 
0.24999997019767761 0.24999997019767761 0.099999979138374329 0 0 0 0 0 0 0 0 
0.24999997019767761 0.24999997019767761 0.12499998509883881 0 0 0 0 0 0 0 0 
0.24999997019767761 0.24999997019767761 0.14999999105930328 0 0 0 0 0 0 0 0 
0.24999997019767761 0.24999997019767761 0.17499998211860657 0 0 0 0 0 0 0 0 
0.24999997019767761 0.24999997019767761 0.19999997317790985 0 0 0 0 0 0 0 0 
0.24999997019767761 0.24999997019767761 0.22499996423721313 0 0 0 0 0 0 0 0 
0.24999997019767761 0.24999997019767761 0.24999998509883881 0 0 0 0 0 0 0 0 
0.24999997019767761 0.27499997615814209 0.12499998509883881 0 0 0 0 0 0 0 0 
0.24999997019767761 0.27499997615814209 0.14999999105930328 0 0 0 0 0 0 0 0 
0.24999997019767761 0.27499997615814209 0.17499998211860657 0 0 0 0 0 0 0 0 
0.24999997019767761 0.27499997615814209 0.19999997317790985 0 0 0 0 0 0 0 0 
0.24999997019767761 0.27499997615814209 0.22499996423721313 0 0 0 0 0 0 0 0 
0.24999997019767761 0.27499997615814209 0.24999998509883881 0 0 0 0 0 0 0 0 
0.24999997019767761 0.29999995231628418 0.12499998509883881 0 0 0 0 0 0 0 0 
0.24999997019767761 0.29999995231628418 0.14999999105930328 0 0 0 0 0 0 0 0 
0.24999997019767761 0.29999995231628418 0.17499998211860657 0 0 0 0 0 0 0 0 
0.24999997019767761 0.29999995231628418 0.19999997317790985 0 0 0 0 0 0 0 0 
0.24999997019767761 0.29999995231628418 0.22499996423721313 0 0 0 0 0 0 0 0 
0.24999997019767761 0.32499995827674866 0.17499998211860657 0 0 0 0 0 0 0 0 
0.24999997019767761 0.32499995827674866 0.19999997317790985 0 0 0 0 0 0 0 0 
0.27499997615814209 0.087499991059303284 0.13750000298023224 0 0 0 0 0 0 0 0 
0.27499997615814209 0.087499991059303284 0.23749999701976776 0 0 0 0 0 0 0 0 
0.27499997615814209 0.11249998211860657 0.11249999701976776 0 0 0 0 0 0 0 0 
0.27499997615814209 0.11249998211860657 0.13750000298023224 0 0 0 0 0 0 0 0 
0.27499997615814209 0.11249998211860657 0.16249999403953552 0 0 0 0 0 0 0 0 
0.27499997615814209 0.11249998211860657 0.18749998509883881 0 0 0 0 0 0 0 0 
0.27499997615814209 0.11249998211860657 0.21249997615814209 0 0 0 0 0 0 0 0 
0.27499997615814209 0.11249998211860657 0.23749999701976776 0 0 0 0 0 0 0 0 
0.27499997615814209 0.11249998211860657 0.26249998807907104 0 0 0 0 0 0 0 0 
0.27499997615814209 0.13749998807907104 0.087499991059303284 0 0 0 0 0 0 0 0 
0.27499997615814209 0.13749998807907104 0.11249999701976776 0 0 0 0 0 0 0 0 
0.27499997615814209 0.13749998807907104 0.13750000298023224 0 0 0 0 0 0 0 0 
0.27499997615814209 0.13749998807907104 0.16249999403953552 0 0 0 0 0 0 0 0 
0.27499997615814209 0.13749998807907104 0.18749998509883881 0 0 0 0 0 0 0 0 
0.27499997615814209 0.13749998807907104 0.21249997615814209 0 0 0 0 0 0 0 0 
0.27499997615814209 0.13749998807907104 0.23749999701976776 0 0 0 0 0 0 0 0 
0.27499997615814209 0.13749998807907104 0.26249998807907104 0 0 0 0 0 0 0 0 
0.27499997615814209 0.16249997913837433 0.087499991059303284 0 0 0 0 0 0 0 0 
0.27499997615814209 0.16249997913837433 0.11249999701976776 0 0 0 0 0 0 0 0 
0.27499997615814209 0.16249997913837433 0.13750000298023224 0 0 0 0 0 0 0 0 
0.27499997615814209 0.16249997913837433 0.16249999403953552 0 0 0 0 0 0 0 0 
0.27499997615814209 0.16249997913837433 0.18749998509883881 0 0 0 0 0 0 0 0 
0.27499997615814209 0.16249997913837433 0.21249997615814209 0 0 0 0 0 0 0 0 
0.27499997615814209 0.16249997913837433 0.23749999701976776 0 0 0 0 0 0 0 0 
0.27499997615814209 0.16249997913837433 0.26249998807907104 0 0 0 0 0 0 0 0 
0.27499997615814209 0.18749997019767761 0.087499991059303284 0 0 0 0 0 0 0 0 
0.27499997615814209 0.18749997019767761 0.11249999701976776 0 0 0 0 0 0 0 0 
0.27499997615814209 0.18749997019767761 0.13750000298023224 0 0 0 0 0 0 0 0 
0.27499997615814209 0.18749997019767761 0.16249999403953552 0 0 0 0 0 0 0 0 
0.27499997615814209 0.18749997019767761 0.18749998509883881 0 0 0 0 0 0 0 0 
0.27499997615814209 0.18749997019767761 0.21249997615814209 0 0 0 0 0 0 0 0 
0.27499997615814209 0.18749997019767761 0.23749999701976776 0 0 0 0 0 0 0 0 
0.27499997615814209 0.18749997019767761 0.26249998807907104 0 0 0 0 0 0 0 0 
0.27499997615814209 0.2124999612569809 0.087499991059303284 0 0 0 0 0 0 0 0 
0.27499997615814209 0.2124999612569809 0.11249999701976776 0 0 0 0 0 0 0 0 
0.27499997615814209 0.2124999612569809 0.13750000298023224 0 0 0 0 0 0 0 0 
0.27499997615814209 0.2124999612569809 0.16249999403953552 0 0 0 0 0 0 0 0 
0.27499997615814209 0.2124999612569809 0.18749998509883881 0 0 0 0 0 0 0 0 
0.27499997615814209 0.2124999612569809 0.21249997615814209 0 0 0 0 0 0 0 0 
0.27499997615814209 0.2124999612569809 0.23749999701976776 0 0 0 0 0 0 0 0 
0.27499997615814209 0.2124999612569809 0.26249998807907104 0 0 0 0 0 0 0 0 
0.27499997615814209 0.23749995231628418 0.11249999701976776 0 0 0 0 0 0 0 0 
0.27499997615814209 0.23749995231628418 0.13750000298023224 0 0 0 0 0 0 0 0 
0.27499997615814209 0.23749995231628418 0.16249999403953552 0 0 0 0 0 0 0 0 
0.27499997615814209 0.23749995231628418 0.18749998509883881 0 0 0 0 0 0 0 0 
0.27499997615814209 0.23749995231628418 0.21249997615814209 0 0 0 0 0 0 0 0 
0.27499997615814209 0.23749995231628418 0.23749999701976776 0 0 0 0 0 0 0 0 
0.27499997615814209 0.23749995231628418 0.26249998807907104 0 0 0 0 0 0 0 0 
0.27499997615814209 0.26249995827674866 0.11249999701976776 0 0 0 0 0 0 0 0 
0.27499997615814209 0.26249995827674866 0.13750000298023224 0 0 0 0 0 0 0 0 
0.27499997615814209 0.26249995827674866 0.16249999403953552 0 0 0 0 0 0 0 0 
0.27499997615814209 0.26249995827674866 0.18749998509883881 0 0 0 0 0 0 0 0 
0.27499997615814209 0.26249995827674866 0.21249997615814209 0 0 0 0 0 0 0 0 
0.27499997615814209 0.26249995827674866 0.23749999701976776 0 0 0 0 0 0 0 0 
0.27499997615814209 0.26249995827674866 0.26249998807907104 0 0 0 0 0 0 0 0 
0.27499997615814209 0.28749996423721313 0.13750000298023224 0 0 0 0 0 0 0 0 
0.27499997615814209 0.28749996423721313 0.16249999403953552 0 0 0 0 0 0 0 0 
0.27499997615814209 0.28749996423721313 0.18749998509883881 0 0 0 0 0 0 0 0 
0.27499997615814209 0.28749996423721313 0.21249997615814209 0 0 0 0 0 0 0 0 
0.27499997615814209 0.28749996423721313 0.23749999701976776 0 0 0 0 0 0 0 0 
0.27499997615814209 0.31249994039535522 0.16249999403953552 0 0 0 0 0 0 0 0 
0.27499997615814209 0.31249994039535522 0.18749998509883881 0 0 0 0 0 0 0 0 
0.27499997615814209 0.31249994039535522 0.21249997615814209 0 0 0 0 0 0 0 0 
0.29999998211860657 0.099999994039535522 0.14999999105930328 0 0 0 0 0 0 0 0 
0.29999998211860657 0.099999994039535522 0.17499998211860657 0 0 0 0 0 0 0 0 
0.29999998211860657 0.099999994039535522 0.19999997317790985 0 0 0 0 0 0 0 0 
0.29999998211860657 0.099999994039535522 0.22499996423721313 0 0 0 0 0 0 0 0 
0.29999998211860657 0.1249999925494194 0.12499998509883881 0 0 0 0 0 0 0 0 
0.29999998211860657 0.1249999925494194 0.14999999105930328 0 0 0 0 0 0 0 0 
0.29999998211860657 0.1249999925494194 0.17499998211860657 0 0 0 0 0 0 0 0 
0.29999998211860657 0.1249999925494194 0.19999997317790985 0 0 0 0 0 0 0 0 
0.29999998211860657 0.1249999925494194 0.22499996423721313 0 0 0 0 0 0 0 0 
0.29999998211860657 0.1249999925494194 0.24999998509883881 0 0 0 0 0 0 0 0 
0.29999998211860657 0.14999999105930328 0.099999979138374329 0 0 0 0 0 0 0 0 
0.29999998211860657 0.14999999105930328 0.12499998509883881 0 0 0 0 0 0 0 0 
0.29999998211860657 0.14999999105930328 0.14999999105930328 0 0 0 0 0 0 0 0 
0.29999998211860657 0.14999999105930328 0.17499998211860657 0 0 0 0 0 0 0 0 
0.29999998211860657 0.14999999105930328 0.19999997317790985 0 0 0 0 0 0 0 0 
0.29999998211860657 0.14999999105930328 0.22499996423721313 0 0 0 0 0 0 0 0 
0.29999998211860657 0.14999999105930328 0.24999998509883881 0 0 0 0 0 0 0 0 
0.29999998211860657 0.17499998211860657 0.099999979138374329 0 0 0 0 0 0 0 0 
0.29999998211860657 0.17499998211860657 0.12499998509883881 0 0 0 0 0 0 0 0 
0.29999998211860657 0.17499998211860657 0.14999999105930328 0 0 0 0 0 0 0 0 
0.29999998211860657 0.17499998211860657 0.17499998211860657 0 0 0 0 0 0 0 0 
0.29999998211860657 0.17499998211860657 0.19999997317790985 0 0 0 0 0 0 0 0 
0.29999998211860657 0.17499998211860657 0.22499996423721313 0 0 0 0 0 0 0 0 
0.29999998211860657 0.17499998211860657 0.24999998509883881 0 0 0 0 0 0 0 0 
0.29999998211860657 0.19999997317790985 0.099999979138374329 0 0 0 0 0 0 0 0 
0.29999998211860657 0.19999997317790985 0.12499998509883881 0 0 0 0 0 0 0 0 
0.29999998211860657 0.19999997317790985 0.14999999105930328 0 0 0 0 0 0 0 0 
0.29999998211860657 0.19999997317790985 0.17499998211860657 0 0 0 0 0 0 0 0 
0.29999998211860657 0.19999997317790985 0.19999997317790985 0 0 0 0 0 0 0 0 
0.29999998211860657 0.19999997317790985 0.22499996423721313 0 0 0 0 0 0 0 0 
0.29999998211860657 0.19999997317790985 0.24999998509883881 0 0 0 0 0 0 0 0 
0.29999998211860657 0.22499996423721313 0.099999979138374329 0 0 0 0 0 0 0 0 
0.29999998211860657 0.22499996423721313 0.12499998509883881 0 0 0 0 0 0 0 0 
0.29999998211860657 0.22499996423721313 0.14999999105930328 0 0 0 0 0 0 0 0 
0.29999998211860657 0.22499996423721313 0.17499998211860657 0 0 0 0 0 0 0 0 
0.29999998211860657 0.22499996423721313 0.19999997317790985 0 0 0 0 0 0 0 0 
0.29999998211860657 0.22499996423721313 0.22499996423721313 0 0 0 0 0 0 0 0 
0.29999998211860657 0.22499996423721313 0.24999998509883881 0 0 0 0 0 0 0 0 
0.29999998211860657 0.24999997019767761 0.12499998509883881 0 0 0 0 0 0 0 0 
0.29999998211860657 0.24999997019767761 0.14999999105930328 0 0 0 0 0 0 0 0 
0.29999998211860657 0.24999997019767761 0.17499998211860657 0 0 0 0 0 0 0 0 
0.29999998211860657 0.24999997019767761 0.19999997317790985 0 0 0 0 0 0 0 0 
0.29999998211860657 0.24999997019767761 0.22499996423721313 0 0 0 0 0 0 0 0 
0.29999998211860657 0.24999997019767761 0.24999998509883881 0 0 0 0 0 0 0 0 
0.29999998211860657 0.27499997615814209 0.12499998509883881 0 0 0 0 0 0 0 0 
0.29999998211860657 0.27499997615814209 0.14999999105930328 0 0 0 0 0 0 0 0 
0.29999998211860657 0.27499997615814209 0.17499998211860657 0 0 0 0 0 0 0 0 
0.29999998211860657 0.27499997615814209 0.19999997317790985 0 0 0 0 0 0 0 0 
0.29999998211860657 0.27499997615814209 0.22499996423721313 0 0 0 0 0 0 0 0 
0.29999998211860657 0.29999995231628418 0.14999999105930328 0 0 0 0 0 0 0 0 
0.29999998211860657 0.29999995231628418 0.17499998211860657 0 0 0 0 0 0 0 0 
0.29999998211860657 0.29999995231628418 0.19999997317790985 0 0 0 0 0 0 0 0 
0.32499998807907104 0.11249998211860657 0.16249999403953552 0 0 0 0 0 0 0 0 
0.32499998807907104 0.11249998211860657 0.18749998509883881 0 0 0 0 0 0 0 0 
0.32499998807907104 0.11249998211860657 0.21249997615814209 0 0 0 0 0 0 0 0 
0.32499998807907104 0.13749998807907104 0.13750000298023224 0 0 0 0 0 0 0 0 
0.32499998807907104 0.13749998807907104 0.16249999403953552 0 0 0 0 0 0 0 0 
0.32499998807907104 0.13749998807907104 0.18749998509883881 0 0 0 0 0 0 0 0 
0.32499998807907104 0.13749998807907104 0.21249997615814209 0 0 0 0 0 0 0 0 
0.32499998807907104 0.13749998807907104 0.23749999701976776 0 0 0 0 0 0 0 0 
0.32499998807907104 0.16249997913837433 0.13750000298023224 0 0 0 0 0 0 0 0 
0.32499998807907104 0.16249997913837433 0.16249999403953552 0 0 0 0 0 0 0 0 
0.32499998807907104 0.16249997913837433 0.18749998509883881 0 0 0 0 0 0 0 0 
0.32499998807907104 0.16249997913837433 0.21249997615814209 0 0 0 0 0 0 0 0 
0.32499998807907104 0.16249997913837433 0.23749999701976776 0 0 0 0 0 0 0 0 
0.32499998807907104 0.18749997019767761 0.13750000298023224 0 0 0 0 0 0 0 0 
0.32499998807907104 0.18749997019767761 0.16249999403953552 0 0 0 0 0 0 0 0 
0.32499998807907104 0.18749997019767761 0.18749998509883881 0 0 0 0 0 0 0 0 
0.32499998807907104 0.18749997019767761 0.21249997615814209 0 0 0 0 0 0 0 0 
0.32499998807907104 0.18749997019767761 0.23749999701976776 0 0 0 0 0 0 0 0 
0.32499998807907104 0.2124999612569809 0.11249999701976776 0 0 0 0 0 0 0 0 
0.32499998807907104 0.2124999612569809 0.13750000298023224 0 0 0 0 0 0 0 0 
0.32499998807907104 0.2124999612569809 0.16249999403953552 0 0 0 0 0 0 0 0 
0.32499998807907104 0.2124999612569809 0.18749998509883881 0 0 0 0 0 0 0 0 
0.32499998807907104 0.2124999612569809 0.21249997615814209 0 0 0 0 0 0 0 0 
0.32499998807907104 0.2124999612569809 0.23749999701976776 0 0 0 0 0 0 0 0 
0.32499998807907104 0.23749995231628418 0.13750000298023224 0 0 0 0 0 0 0 0 
0.32499998807907104 0.23749995231628418 0.16249999403953552 0 0 0 0 0 0 0 0 
0.32499998807907104 0.23749995231628418 0.18749998509883881 0 0 0 0 0 0 0 0 
0.32499998807907104 0.23749995231628418 0.21249997615814209 0 0 0 0 0 0 0 0 
0.32499998807907104 0.23749995231628418 0.23749999701976776 0 0 0 0 0 0 0 0 
0.32499998807907104 0.26249995827674866 0.13750000298023224 0 0 0 0 0 0 0 0 
0.32499998807907104 0.26249995827674866 0.16249999403953552 0 0 0 0 0 0 0 0 
0.32499998807907104 0.26249995827674866 0.18749998509883881 0 0 0 0 0 0 0 0 
0.32499998807907104 0.26249995827674866 0.21249997615814209 0 0 0 0 0 0 0 0 
0.34999996423721313 0.1249999925494194 0.14999999105930328 0 0 0 0 0 0 0 0 
0.34999996423721313 0.1249999925494194 0.17499998211860657 0 0 0 0 0 0 0 0 
0.34999996423721313 0.1249999925494194 0.19999997317790985 0 0 0 0 0 0 0 0 
0.34999996423721313 0.1249999925494194 0.22499996423721313 0 0 0 0 0 0 0 0 
0.34999996423721313 0.14999999105930328 0.14999999105930328 0 0 0 0 0 0 0 0 
0.34999996423721313 0.14999999105930328 0.17499998211860657 0 0 0 0 0 0 0 0 
0.34999996423721313 0.14999999105930328 0.19999997317790985 0 0 0 0 0 0 0 0 
0.34999996423721313 0.14999999105930328 0.22499996423721313 0 0 0 0 0 0 0 0 
0.34999996423721313 0.17499998211860657 0.17499998211860657 0 0 0 0 0 0 0 0 
0.34999996423721313 0.17499998211860657 0.19999997317790985 0 0 0 0 0 0 0 0 
0.34999996423721313 0.19999997317790985 0.17499998211860657 0 0 0 0 0 0 0 0 
0.34999996423721313 0.19999997317790985 0.19999997317790985 0 0 0 0 0 0 0 0 
0.34999996423721313 0.22499996423721313 0.17499998211860657 0 0 0 0 0 0 0 0 
0.37499994039535522 0.13749998807907104 0.16249999403953552 0 0 0 0 0 0 0 0 
0.37499994039535522 0.13749998807907104 0.18749998509883881 0 0 0 0 0 0 0 0 
0.37499994039535522 0.13749998807907104 0.21249997615814209 0 0 0 0 0 0 0 0 
0.37499994039535522 0.16249997913837433 0.16249999403953552 0 0 0 0 0 0 0 0 
0.37499994039535522 0.16249997913837433 0.18749998509883881 0 0 0 0 0 0 0 0 
0.37499994039535522 0.16249997913837433 0.21249997615814209 0 0 0 0 0 0 0 0 
