159
0.024999998509883881 0.11250000447034836 0.087499998509883881 0 0 0 0 0 0 0 0 
0.024999998509883881 0.11250000447034836 0.11250000447034836 0 0 0 0 0 0 0 0 
0.024999998509883881 0.13750000298023224 0.087499998509883881 0 0 0 0 0 0 0 0 
0.024999998509883881 0.13750000298023224 0.11250000447034836 0 0 0 0 0 0 0 0 
0.024999998509883881 0.13750000298023224 0.13750000298023224 0 0 0 0 0 0 0 0 
0.024999998509883881 0.16249999403953552 0.087499998509883881 0 0 0 0 0 0 0 0 
0.024999998509883881 0.16249999403953552 0.11250000447034836 0 0 0 0 0 0 0 0 
0.024999998509883881 0.16249999403953552 0.13750000298023224 0 0 0 0 0 0 0 0 
0.024999998509883881 0.1875 0.087499998509883881 0 0 0 0 0 0 0 0 
0.024999998509883881 0.1875 0.11250000447034836 0 0 0 0 0 0 0 0 
0.024999998509883881 0.1875 0.13750000298023224 0 0 0 0 0 0 0 0 
0.024999998509883881 0.1875 0.16249999403953552 0 0 0 0 0 0 0 0 
0.024999998509883881 0.21250000596046448 0.087499998509883881 0 0 0 0 0 0 0 0 
0.024999998509883881 0.21250000596046448 0.11250000447034836 0 0 0 0 0 0 0 0 
0.024999998509883881 0.21250000596046448 0.13750000298023224 0 0 0 0 0 0 0 0 
0.024999998509883881 0.23749999701976776 0.062499996274709702 0 0 0 0 0 0 0 0 
0.049999997019767761 0.10000000894069672 0.10000000894069672 0 0 0 0 0 0 0 0 
0.049999997019767761 0.10000000894069672 0.125 0 0 0 0 0 0 0 0 
0.049999997019767761 0.125 0.075000002980232239 0 0 0 0 0 0 0 0 
0.049999997019767761 0.125 0.10000000894069672 0 0 0 0 0 0 0 0 
0.049999997019767761 0.125 0.125 0 0 0 0 0 0 0 0 
0.049999997019767761 0.125 0.15000000596046448 0 0 0 0 0 0 0 0 
0.049999997019767761 0.15000000596046448 0.075000002980232239 0 0 0 0 0 0 0 0 
0.049999997019767761 0.15000000596046448 0.10000000894069672 0 0 0 0 0 0 0 0 
0.049999997019767761 0.15000000596046448 0.125 0 0 0 0 0 0 0 0 
0.049999997019767761 0.15000000596046448 0.15000000596046448 0 0 0 0 0 0 0 0 
0.049999997019767761 0.17499999701976776 0.075000002980232239 0 0 0 0 0 0 0 0 
0.049999997019767761 0.17499999701976776 0.10000000894069672 0 0 0 0 0 0 0 0 
0.049999997019767761 0.17499999701976776 0.125 0 0 0 0 0 0 0 0 
0.049999997019767761 0.17499999701976776 0.15000000596046448 0 0 0 0 0 0 0 0 
0.049999997019767761 0.20000001788139343 0.10000000894069672 0 0 0 0 0 0 0 0 
0.049999997019767761 0.20000001788139343 0.125 0 0 0 0 0 0 0 0 
0.049999997019767761 0.22500000894069672 0.10000000894069672 0 0 0 0 0 0 0 0 
0.049999997019767761 0.22500000894069672 0.125 0 0 0 0 0 0 0 0 
0.074999995529651642 0.062500007450580597 0.087499998509883881 0 0 0 0 0 0 0 0 
0.074999995529651642 0.062500007450580597 0.11250000447034836 0 0 0 0 0 0 0 0 
0.074999995529651642 0.062500007450580597 0.13750000298023224 0 0 0 0 0 0 0 0 
0.074999995529651642 0.087500005960464478 0.087499998509883881 0 0 0 0 0 0 0 0 
0.074999995529651642 0.087500005960464478 0.11250000447034836 0 0 0 0 0 0 0 0 
0.074999995529651642 0.087500005960464478 0.13750000298023224 0 0 0 0 0 0 0 0 
0.074999995529651642 0.11250000447034836 0.087499998509883881 0 0 0 0 0 0 0 0 
0.074999995529651642 0.11250000447034836 0.11250000447034836 0 0 0 0 0 0 0 0 
0.074999995529651642 0.11250000447034836 0.13750000298023224 0 0 0 0 0 0 0 0 
0.074999995529651642 0.13750000298023224 0.062499996274709702 0 0 0 0 0 0 0 0 
0.074999995529651642 0.13750000298023224 0.087499998509883881 0 0 0 0 0 0 0 0 
0.074999995529651642 0.13750000298023224 0.11250000447034836 0 0 0 0 0 0 0 0 
0.074999995529651642 0.13750000298023224 0.13750000298023224 0 0 0 0 0 0 0 0 
0.074999995529651642 0.16249999403953552 0.087499998509883881 0 0 0 0 0 0 0 0 
0.074999995529651642 0.16249999403953552 0.11250000447034836 0 0 0 0 0 0 0 0 
0.074999995529651642 0.16249999403953552 0.13750000298023224 0 0 0 0 0 0 0 0 
0.074999995529651642 0.1875 0.087499998509883881 0 0 0 0 0 0 0 0 
0.074999995529651642 0.1875 0.11250000447034836 0 0 0 0 0 0 0 0 
0.074999995529651642 0.23749999701976776 0.087499998509883881 0 0 0 0 0 0 0 0 
0.099999994039535522 0.075000002980232239 0.075000002980232239 0 0 0 0 0 0 0 0 
0.099999994039535522 0.075000002980232239 0.10000000894069672 0 0 0 0 0 0 0 0 
0.099999994039535522 0.075000002980232239 0.125 0 0 0 0 0 0 0 0 
0.099999994039535522 0.075000002980232239 0.15000000596046448 0 0 0 0 0 0 0 0 
0.099999994039535522 0.10000000894069672 0.049999997019767761 0 0 0 0 0 0 0 0 
0.099999994039535522 0.10000000894069672 0.075000002980232239 0 0 0 0 0 0 0 0 
0.099999994039535522 0.10000000894069672 0.10000000894069672 0 0 0 0 0 0 0 0 
0.099999994039535522 0.10000000894069672 0.125 0 0 0 0 0 0 0 0 
0.099999994039535522 0.10000000894069672 0.15000000596046448 0 0 0 0 0 0 0 0 
0.099999994039535522 0.125 0.049999997019767761 0 0 0 0 0 0 0 0 
0.099999994039535522 0.125 0.075000002980232239 0 0 0 0 0 0 0 0 
0.099999994039535522 0.125 0.10000000894069672 0 0 0 0 0 0 0 0 
0.099999994039535522 0.125 0.125 0 0 0 0 0 0 0 0 
0.099999994039535522 0.125 0.15000000596046448 0 0 0 0 0 0 0 0 
0.099999994039535522 0.15000000596046448 0.075000002980232239 0 0 0 0 0 0 0 0 
0.099999994039535522 0.15000000596046448 0.10000000894069672 0 0 0 0 0 0 0 0 
0.099999994039535522 0.15000000596046448 0.125 0 0 0 0 0 0 0 0 
0.099999994039535522 0.15000000596046448 0.15000000596046448 0 0 0 0 0 0 0 0 
0.099999994039535522 0.17499999701976776 0.075000002980232239 0 0 0 0 0 0 0 0 
0.099999994039535522 0.17499999701976776 0.10000000894069672 0 0 0 0 0 0 0 0 
0.099999994039535522 0.17499999701976776 0.125 0 0 0 0 0 0 0 0 
0.099999994039535522 0.25 0.075000002980232239 0 0 0 0 0 0 0 0 
0.1249999925494194 0.062500007450580597 0.062499996274709702 0 0 0 0 0 0 0 0 
0.1249999925494194 0.062500007450580597 0.087499998509883881 0 0 0 0 0 0 0 0 
0.1249999925494194 0.062500007450580597 0.11250000447034836 0 0 0 0 0 0 0 0 
0.1249999925494194 0.062500007450580597 0.13750000298023224 0 0 0 0 0 0 0 0 
0.1249999925494194 0.062500007450580597 0.16249999403953552 0 0 0 0 0 0 0 0 
0.1249999925494194 0.087500005960464478 0.062499996274709702 0 0 0 0 0 0 0 0 
0.1249999925494194 0.087500005960464478 0.087499998509883881 0 0 0 0 0 0 0 0 
0.1249999925494194 0.087500005960464478 0.11250000447034836 0 0 0 0 0 0 0 0 
0.1249999925494194 0.087500005960464478 0.13750000298023224 0 0 0 0 0 0 0 0 
0.1249999925494194 0.087500005960464478 0.16249999403953552 0 0 0 0 0 0 0 0 
0.1249999925494194 0.11250000447034836 0.037499997764825821 0 0 0 0 0 0 0 0 
0.1249999925494194 0.11250000447034836 0.062499996274709702 0 0 0 0 0 0 0 0 
0.1249999925494194 0.11250000447034836 0.087499998509883881 0 0 0 0 0 0 0 0 
0.1249999925494194 0.11250000447034836 0.11250000447034836 0 0 0 0 0 0 0 0 
0.1249999925494194 0.11250000447034836 0.13750000298023224 0 0 0 0 0 0 0 0 
0.1249999925494194 0.11250000447034836 0.16249999403953552 0 0 0 0 0 0 0 0 
0.1249999925494194 0.13750000298023224 0.062499996274709702 0 0 0 0 0 0 0 0 
0.1249999925494194 0.13750000298023224 0.087499998509883881 0 0 0 0 0 0 0 0 
0.1249999925494194 0.13750000298023224 0.11250000447034836 0 0 0 0 0 0 0 0 
0.1249999925494194 0.13750000298023224 0.13750000298023224 0 0 0 0 0 0 0 0 
0.1249999925494194 0.13750000298023224 0.16249999403953552 0 0 0 0 0 0 0 0 
0.1249999925494194 0.16249999403953552 0.062499996274709702 0 0 0 0 0 0 0 0 
0.1249999925494194 0.16249999403953552 0.087499998509883881 0 0 0 0 0 0 0 0 
0.1249999925494194 0.16249999403953552 0.11250000447034836 0 0 0 0 0 0 0 0 
0.1249999925494194 0.16249999403953552 0.13750000298023224 0 0 0 0 0 0 0 0 
0.1249999925494194 0.1875 0.087499998509883881 0 0 0 0 0 0 0 0 
0.1249999925494194 0.1875 0.11250000447034836 0 0 0 0 0 0 0 0 
0.1249999925494194 0.1875 0.13750000298023224 0 0 0 0 0 0 0 0 
0.15000000596046448 0.075000002980232239 0.049999997019767761 0 0 0 0 0 0 0 0 
0.15000000596046448 0.075000002980232239 0.075000002980232239 0 0 0 0 0 0 0 0 
0.15000000596046448 0.075000002980232239 0.10000000894069672 0 0 0 0 0 0 0 0 
0.15000000596046448 0.075000002980232239 0.125 0 0 0 0 0 0 0 0 
0.15000000596046448 0.075000002980232239 0.15000000596046448 0 0 0 0 0 0 0 0 
0.15000000596046448 0.10000000894069672 0.049999997019767761 0 0 0 0 0 0 0 0 
0.15000000596046448 0.10000000894069672 0.075000002980232239 0 0 0 0 0 0 0 0 
0.15000000596046448 0.10000000894069672 0.10000000894069672 0 0 0 0 0 0 0 0 
0.15000000596046448 0.10000000894069672 0.125 0 0 0 0 0 0 0 0 
0.15000000596046448 0.10000000894069672 0.15000000596046448 0 0 0 0 0 0 0 0 
0.15000000596046448 0.10000000894069672 0.17499999701976776 0 0 0 0 0 0 0 0 
0.15000000596046448 0.125 0.049999997019767761 0 0 0 0 0 0 0 0 
0.15000000596046448 0.125 0.075000002980232239 0 0 0 0 0 0 0 0 
0.15000000596046448 0.125 0.10000000894069672 0 0 0 0 0 0 0 0 
0.15000000596046448 0.125 0.125 0 0 0 0 0 0 0 0 
0.15000000596046448 0.125 0.15000000596046448 0 0 0 0 0 0 0 0 
0.15000000596046448 0.125 0.17499999701976776 0 0 0 0 0 0 0 0 
0.15000000596046448 0.15000000596046448 0.075000002980232239 0 0 0 0 0 0 0 0 
0.15000000596046448 0.15000000596046448 0.10000000894069672 0 0 0 0 0 0 0 0 
0.15000000596046448 0.15000000596046448 0.125 0 0 0 0 0 0 0 0 
0.15000000596046448 0.15000000596046448 0.15000000596046448 0 0 0 0 0 0 0 0 
0.15000000596046448 0.17499999701976776 0.075000002980232239 0 0 0 0 0 0 0 0 
0.15000000596046448 0.17499999701976776 0.10000000894069672 0 0 0 0 0 0 0 0 
0.15000000596046448 0.17499999701976776 0.125 0 0 0 0 0 0 0 0 
0.15000000596046448 0.17499999701976776 0.15000000596046448 0 0 0 0 0 0 0 0 
0.17499999701976776 0.062500007450580597 0.087499998509883881 0 0 0 0 0 0 0 0 
0.17499999701976776 0.062500007450580597 0.11250000447034836 0 0 0 0 0 0 0 0 
0.17499999701976776 0.062500007450580597 0.13750000298023224 0 0 0 0 0 0 0 0 
0.17499999701976776 0.087500005960464478 0.062499996274709702 0 0 0 0 0 0 0 0 
0.17499999701976776 0.087500005960464478 0.087499998509883881 0 0 0 0 0 0 0 0 
0.17499999701976776 0.087500005960464478 0.11250000447034836 0 0 0 0 0 0 0 0 
0.17499999701976776 0.087500005960464478 0.13750000298023224 0 0 0 0 0 0 0 0 
0.17499999701976776 0.11250000447034836 0.062499996274709702 0 0 0 0 0 0 0 0 
0.17499999701976776 0.11250000447034836 0.087499998509883881 0 0 0 0 0 0 0 0 
0.17499999701976776 0.11250000447034836 0.11250000447034836 0 0 0 0 0 0 0 0 
0.17499999701976776 0.11250000447034836 0.13750000298023224 0 0 0 0 0 0 0 0 
0.17499999701976776 0.11250000447034836 0.16249999403953552 0 0 0 0 0 0 0 0 
0.17499999701976776 0.13750000298023224 0.062499996274709702 0 0 0 0 0 0 0 0 
0.17499999701976776 0.13750000298023224 0.087499998509883881 0 0 0 0 0 0 0 0 
0.17499999701976776 0.13750000298023224 0.11250000447034836 0 0 0 0 0 0 0 0 
0.17499999701976776 0.13750000298023224 0.13750000298023224 0 0 0 0 0 0 0 0 
0.17499999701976776 0.13750000298023224 0.16249999403953552 0 0 0 0 0 0 0 0 
0.17499999701976776 0.16249999403953552 0.087499998509883881 0 0 0 0 0 0 0 0 
0.17499999701976776 0.16249999403953552 0.11250000447034836 0 0 0 0 0 0 0 0 
0.17499999701976776 0.16249999403953552 0.13750000298023224 0 0 0 0 0 0 0 0 
0.17499999701976776 0.1875 0.11250000447034836 0 0 0 0 0 0 0 0 
0.19999998807907104 0.075000002980232239 0.10000000894069672 0 0 0 0 0 0 0 0 
0.19999998807907104 0.075000002980232239 0.125 0 0 0 0 0 0 0 0 
0.19999998807907104 0.10000000894069672 0.10000000894069672 0 0 0 0 0 0 0 0 
0.19999998807907104 0.10000000894069672 0.125 0 0 0 0 0 0 0 0 
0.19999998807907104 0.125 0.075000002980232239 0 0 0 0 0 0 0 0 
0.19999998807907104 0.125 0.10000000894069672 0 0 0 0 0 0 0 0 
0.19999998807907104 0.125 0.125 0 0 0 0 0 0 0 0 
0.19999998807907104 0.15000000596046448 0.10000000894069672 0 0 0 0 0 0 0 0 
0.19999998807907104 0.15000000596046448 0.125 0 0 0 0 0 0 0 0 
0.22500000894069672 0.087500005960464478 0.11250000447034836 0 0 0 0 0 0 0 0 
